Loaded 5151 data points from PCD
0.000000
0.000000
0.000000
0.000000
0.000000
0.000000
0.000000
0.000000
0.000000
0.000000
0.000000
0.000000
0.000000
0.000000
0.000000
0.000000
0.000000
0.000000
0.000000
0.000000
0.000000
0.000000
0.000000
0.000000
0.000000
0.000000
0.000000
0.000000
0.000000
0.000000
0.000000
0.000000
0.000000
0.000000
0.000000
0.000000
0.000000
0.000000
0.000000
0.000000
0.000024
0.000025
0.000047
0.000047
0.000048
0.000066
0.000072
0.000072
0.000074
0.000076
0.000081
0.000084
0.000087
0.000093
0.000095
0.000097
0.000098
0.000102
0.000108
0.000109
0.000109
0.000113
0.000113
0.000115
0.000117
0.000118
0.000119
0.000119
0.000120
0.000120
0.000120
0.000120
0.000121
0.000122
0.000122
0.000125
0.000128
0.000128
0.000130
0.000133
0.000133
0.000133
0.000133
0.000136
0.000139
0.000145
0.000145
0.000150
0.000151
0.000152
0.000152
0.000153
0.000156
0.000156
0.000156
0.000156
0.000157
0.000157
0.000158
0.000160
0.000160
0.000161
0.000172
0.000172
0.000172
0.000175
0.000181
0.000183
0.000183
0.000187
0.000187
0.000188
0.000188
0.000192
0.000192
0.000192
0.000193
0.000194
0.000194
0.000197
0.000199
0.000199
0.000202
0.000204
0.000205
0.000206
0.000209
0.000209
0.000209
0.000210
0.000210
0.000212
0.000212
0.000212
0.000214
0.000214
0.000216
0.000218
0.000218
0.000220
0.000220
0.000221
0.000222
0.000222
0.000223
0.000223
0.000224
0.000224
0.000225
0.000228
0.000228
0.000233
0.000234
0.000236
0.000237
0.000238
0.000239
0.000240
0.000246
0.000246
0.000248
0.000250
0.000253
0.000253
0.000254
0.000256
0.000258
0.000258
0.000259
0.000260
0.000262
0.000263
0.000267
0.000267
0.000268
0.000270
0.000270
0.000270
0.000270
0.000270
0.000271
0.000272
0.000275
0.000275
0.000275
0.000276
0.000277
0.000278
0.000279
0.000280
0.000284
0.000289
0.000289
0.000289
0.000296
0.000299
0.000300
0.000300
0.000300
0.000301
0.000304
0.000304
0.000306
0.000311
0.000311
0.000311
0.000313
0.000313
0.000313
0.000319
0.000320
0.000321
0.000325
0.000327
0.000327
0.000328
0.000328
0.000330
0.000330
0.000331
0.000332
0.000332
0.000333
0.000333
0.000333
0.000334
0.000334
0.000334
0.000334
0.000335
0.000335
0.000335
0.000337
0.000337
0.000337
0.000339
0.000340
0.000340
0.000341
0.000341
0.000341
0.000341
0.000344
0.000346
0.000347
0.000347
0.000347
0.000349
0.000350
0.000350
0.000350
0.000351
0.000351
0.000351
0.000351
0.000352
0.000355
0.000357
0.000357
0.000358
0.000358
0.000361
0.000361
0.000362
0.000362
0.000363
0.000363
0.000365
0.000365
0.000366
0.000366
0.000366
0.000367
0.000369
0.000370
0.000374
0.000374
0.000379
0.000386
0.000386
0.000386
0.000387
0.000388
0.000389
0.000390
0.000391
0.000391
0.000393
0.000393
0.000394
0.000396
0.000401
0.000402
0.000405
0.000406
0.000406
0.000406
0.000407
0.000408
0.000408
0.000410
0.000410
0.000411
0.000411
0.000411
0.000415
0.000416
0.000416
0.000417
0.000418
0.000420
0.000421
0.000423
0.000425
0.000426
0.000426
0.000427
0.000427
0.000427
0.000429
0.000429
0.000429
0.000429
0.000430
0.000430
0.000431
0.000431
0.000431
0.000431
0.000431
0.000431
0.000431
0.000432
0.000432
0.000433
0.000433
0.000433
0.000433
0.000434
0.000434
0.000434
0.000434
0.000435
0.000436
0.000436
0.000436
0.000437
0.000438
0.000440
0.000441
0.000442
0.000442
0.000442
0.000443
0.000443
0.000444
0.000444
0.000446
0.000448
0.000448
0.000448
0.000448
0.000449
0.000449
0.000450
0.000450
0.000450
0.000451
0.000451
0.000453
0.000454
0.000454
0.000454
0.000454
0.000455
0.000457
0.000460
0.000461
0.000461
0.000462
0.000463
0.000465
0.000466
0.000467
0.000468
0.000469
0.000469
0.000469
0.000469
0.000470
0.000470
0.000471
0.000476
0.000478
0.000478
0.000478
0.000478
0.000478
0.000479
0.000481
0.000484
0.000487
0.000487
0.000488
0.000490
0.000491
0.000492
0.000494
0.000495
0.000495
0.000495
0.000497
0.000497
0.000498
0.000498
0.000498
0.000499
0.000499
0.000500
0.000500
0.000500
0.000501
0.000501
0.000502
0.000503
0.000503
0.000504
0.000504
0.000505
0.000507
0.000509
0.000509
0.000509
0.000510
0.000510
0.000510
0.000510
0.000513
0.000515
0.000516
0.000516
0.000516
0.000519
0.000519
0.000519
0.000521
0.000521
0.000524
0.000526
0.000528
0.000528
0.000537
0.000537
0.000538
0.000538
0.000539
0.000539
0.000539
0.000539
0.000540
0.000541
0.000544
0.000544
0.000544
0.000547
0.000547
0.000547
0.000549
0.000550
0.000550
0.000550
0.000550
0.000552
0.000552
0.000554
0.000554
0.000554
0.000555
0.000557
0.000558
0.000558
0.000558
0.000559
0.000559
0.000559
0.000561
0.000562
0.000565
0.000566
0.000567
0.000569
0.000569
0.000571
0.000573
0.000573
0.000576
0.000577
0.000579
0.000579
0.000579
0.000579
0.000579
0.000579
0.000580
0.000581
0.000581
0.000581
0.000581
0.000581
0.000581
0.000583
0.000584
0.000585
0.000585
0.000586
0.000587
0.000587
0.000588
0.000589
0.000590
0.000590
0.000590
0.000590
0.000590
0.000591
0.000591
0.000591
0.000591
0.000592
0.000593
0.000595
0.000595
0.000595
0.000595
0.000597
0.000600
0.000601
0.000601
0.000601
0.000602
0.000602
0.000603
0.000604
0.000606
0.000606
0.000608
0.000608
0.000609
0.000609
0.000612
0.000613
0.000614
0.000614
0.000615
0.000615
0.000616
0.000617
0.000617
0.000618
0.000618
0.000620
0.000625
0.000625
0.000627
0.000627
0.000629
0.000633
0.000634
0.000635
0.000635
0.000635
0.000635
0.000637
0.000637
0.000638
0.000639
0.000639
0.000641
0.000641
0.000642
0.000644
0.000644
0.000644
0.000645
0.000646
0.000646
0.000646
0.000646
0.000646
0.000647
0.000648
0.000649
0.000651
0.000651
0.000651
0.000651
0.000652
0.000652
0.000653
0.000653
0.000654
0.000654
0.000654
0.000654
0.000655
0.000657
0.000659
0.000661
0.000663
0.000663
0.000667
0.000667
0.000668
0.000668
0.000668
0.000669
0.000670
0.000670
0.000670
0.000671
0.000671
0.000671
0.000676
0.000677
0.000678
0.000680
0.000680
0.000689
0.000689
0.000689
0.000691
0.000691
0.000693
0.000693
0.000694
0.000694
0.000696
0.000696
0.000697
0.000697
0.000697
0.000697
0.000698
0.000699
0.000699
0.000700
0.000700
0.000700
0.000700
0.000700
0.000701
0.000701
0.000701
0.000701
0.000701
0.000707
0.000709
0.000710
0.000714
0.000715
0.000715
0.000715
0.000716
0.000716
0.000718
0.000718
0.000719
0.000720
0.000723
0.000724
0.000725
0.000725
0.000729
0.000730
0.000734
0.000735
0.000735
0.000735
0.000735
0.000736
0.000738
0.000739
0.000739
0.000740
0.000740
0.000740
0.000741
0.000741
0.000743
0.000747
0.000749
0.000750
0.000751
0.000753
0.000755
0.000755
0.000755
0.000757
0.000757
0.000758
0.000758
0.000759
0.000761
0.000762
0.000764
0.000765
0.000766
0.000767
0.000767
0.000771
0.000771
0.000774
0.000777
0.000778
0.000780
0.000780
0.000781
0.000782
0.000782
0.000782
0.000782
0.000783
0.000785
0.000786
0.000787
0.000788
0.000788
0.000789
0.000789
0.000789
0.000792
0.000792
0.000793
0.000793
0.000793
0.000794
0.000794
0.000794
0.000796
0.000796
0.000798
0.000799
0.000801
0.000802
0.000805
0.000805
0.000808
0.000810
0.000810
0.000812
0.000813
0.000814
0.000817
0.000818
0.000818
0.000821
0.000821
0.000821
0.000823
0.000823
0.000823
0.000823
0.000823
0.000823
0.000824
0.000824
0.000824
0.000824
0.000825
0.000825
0.000825
0.000825
0.000825
0.000827
0.000829
0.000830
0.000830
0.000830
0.000831
0.000832
0.000838
0.000838
0.000839
0.000839
0.000839
0.000839
0.000840
0.000843
0.000843
0.000845
0.000847
0.000847
0.000848
0.000848
0.000848
0.000849
0.000849
0.000850
0.000850
0.000851
0.000854
0.000856
0.000856
0.000856
0.000857
0.000860
0.000862
0.000862
0.000863
0.000863
0.000863
0.000864
0.000865
0.000865
0.000865
0.000866
0.000867
0.000867
0.000867
0.000869
0.000869
0.000869
0.000869
0.000870
0.000870
0.000870
0.000871
0.000871
0.000875
0.000875
0.000875
0.000876
0.000877
0.000878
0.000878
0.000879
0.000879
0.000880
0.000881
0.000881
0.000881
0.000881
0.000881
0.000881
0.000881
0.000881
0.000881
0.000882
0.000882
0.000882
0.000882
0.000884
0.000884
0.000886
0.000888
0.000888
0.000888
0.000890
0.000891
0.000892
0.000894
0.000894
0.000894
0.000894
0.000895
0.000896
0.000897
0.000897
0.000897
0.000900
0.000900
0.000901
0.000902
0.000902
0.000902
0.000902
0.000903
0.000903
0.000904
0.000905
0.000906
0.000906
0.000906
0.000907
0.000907
0.000908
0.000908
0.000909
0.000910
0.000911
0.000911
0.000912
0.000912
0.000912
0.000913
0.000913
0.000914
0.000914
0.000914
0.000915
0.000917
0.000917
0.000918
0.000918
0.000918
0.000920
0.000920
0.000920
0.000921
0.000922
0.000922
0.000922
0.000923
0.000923
0.000925
0.000925
0.000926
0.000926
0.000926
0.000928
0.000929
0.000929
0.000930
0.000931
0.000932
0.000933
0.000937
0.000938
0.000939
0.000940
0.000941
0.000942
0.000944
0.000944
0.000945
0.000946
0.000947
0.000953
0.000953
0.000954
0.000955
0.000956
0.000957
0.000957
0.000958
0.000959
0.000959
0.000963
0.000963
0.000963
0.000963
0.000963
0.000965
0.000966
0.000967
0.000967
0.000968
0.000968
0.000969
0.000972
0.000973
0.000978
0.000980
0.000980
0.000981
0.000981
0.000982
0.000983
0.000984
0.000986
0.000986
0.000986
0.000986
0.000988
0.000988
0.000991
0.000992
0.000993
0.000993
0.000993
0.000994
0.000994
0.000994
0.000995
0.000995
0.000995
0.000995
0.000995
0.000997
0.000999
0.000999
0.000999
0.001000
0.001005
0.001006
0.001006
0.001007
0.001008
0.001008
0.001011
0.001012
0.001012
0.001014
0.001018
0.001018
0.001020
0.001022
0.001022
0.001022
0.001023
0.001027
0.001027
0.001029
0.001029
0.001030
0.001030
0.001030
0.001030
0.001032
0.001032
0.001035
0.001037
0.001038
0.001039
0.001039
0.001040
0.001040
0.001041
0.001045
0.001046
0.001046
0.001046
0.001047
0.001048
0.001048
0.001048
0.001048
0.001049
0.001049
0.001049
0.001050
0.001053
0.001054
0.001055
0.001056
0.001056
0.001056
0.001056
0.001057
0.001057
0.001057
0.001057
0.001057
0.001058
0.001058
0.001058
0.001058
0.001059
0.001060
0.001060
0.001063
0.001064
0.001064
0.001064
0.001065
0.001065
0.001067
0.001068
0.001070
0.001071
0.001072
0.001072
0.001077
0.001079
0.001079
0.001079
0.001080
0.001081
0.001081
0.001083
0.001083
0.001083
0.001083
0.001084
0.001084
0.001087
0.001090
0.001092
0.001092
0.001093
0.001095
0.001095
0.001095
0.001096
0.001097
0.001098
0.001098
0.001099
0.001099
0.001101
0.001101
0.001101
0.001101
0.001101
0.001101
0.001102
0.001102
0.001103
0.001107
0.001107
0.001108
0.001109
0.001110
0.001112
0.001115
0.001116
0.001116
0.001116
0.001116
0.001117
0.001118
0.001120
0.001121
0.001121
0.001123
0.001123
0.001123
0.001123
0.001123
0.001124
0.001125
0.001125
0.001126
0.001127
0.001129
0.001129
0.001133
0.001134
0.001139
0.001139
0.001141
0.001142
0.001143
0.001144
0.001144
0.001145
0.001145
0.001146
0.001147
0.001148
0.001148
0.001148
0.001148
0.001148
0.001149
0.001150
0.001152
0.001152
0.001153
0.001155
0.001155
0.001156
0.001156
0.001158
0.001159
0.001160
0.001160
0.001160
0.001160
0.001160
0.001161
0.001163
0.001163
0.001164
0.001164
0.001165
0.001167
0.001168
0.001168
0.001168
0.001168
0.001170
0.001171
0.001171
0.001172
0.001174
0.001175
0.001175
0.001176
0.001176
0.001176
0.001177
0.001177
0.001178
0.001180
0.001181
0.001181
0.001181
0.001182
0.001183
0.001183
0.001184
0.001184
0.001184
0.001185
0.001186
0.001186
0.001186
0.001186
0.001186
0.001186
0.001186
0.001186
0.001186
0.001189
0.001190
0.001191
0.001191
0.001191
0.001191
0.001191
0.001192
0.001192
0.001193
0.001193
0.001193
0.001195
0.001195
0.001195
0.001198
0.001199
0.001199
0.001200
0.001201
0.001201
0.001201
0.001204
0.001206
0.001206
0.001206
0.001207
0.001208
0.001208
0.001208
0.001210
0.001211
0.001211
0.001215
0.001215
0.001220
0.001220
0.001220
0.001220
0.001220
0.001220
0.001223
0.001223
0.001226
0.001226
0.001228
0.001228
0.001230
0.001230
0.001231
0.001232
0.001236
0.001238
0.001238
0.001239
0.001240
0.001243
0.001243
0.001243
0.001244
0.001244
0.001245
0.001247
0.001247
0.001247
0.001248
0.001248
0.001249
0.001249
0.001249
0.001251
0.001251
0.001252
0.001252
0.001258
0.001261
0.001263
0.001263
0.001264
0.001265
0.001267
0.001267
0.001269
0.001269
0.001269
0.001269
0.001272
0.001272
0.001272
0.001272
0.001272
0.001273
0.001276
0.001276
0.001276
0.001278
0.001278
0.001279
0.001280
0.001280
0.001280
0.001283
0.001283
0.001285
0.001286
0.001287
0.001287
0.001287
0.001288
0.001289
0.001289
0.001290
0.001290
0.001290
0.001290
0.001290
0.001291
0.001292
0.001297
0.001297
0.001299
0.001299
0.001299
0.001300
0.001300
0.001300
0.001300
0.001301
0.001301
0.001301
0.001301
0.001301
0.001301
0.001302
0.001302
0.001303
0.001303
0.001304
0.001307
0.001307
0.001307
0.001307
0.001307
0.001308
0.001308
0.001309
0.001309
0.001309
0.001312
0.001318
0.001318
0.001319
0.001319
0.001319
0.001321
0.001322
0.001322
0.001323
0.001323
0.001324
0.001327
0.001327
0.001328
0.001328
0.001328
0.001329
0.001331
0.001331
0.001332
0.001332
0.001334
0.001334
0.001335
0.001336
0.001337
0.001337
0.001337
0.001337
0.001338
0.001338
0.001339
0.001339
0.001339
0.001340
0.001344
0.001344
0.001345
0.001348
0.001348
0.001348
0.001349
0.001350
0.001351
0.001351
0.001352
0.001352
0.001353
0.001353
0.001355
0.001356
0.001357
0.001357
0.001357
0.001357
0.001358
0.001358
0.001363
0.001365
0.001365
0.001365
0.001365
0.001365
0.001365
0.001366
0.001366
0.001366
0.001367
0.001367
0.001367
0.001367
0.001368
0.001369
0.001370
0.001370
0.001370
0.001372
0.001374
0.001375
0.001375
0.001376
0.001378
0.001378
0.001378
0.001379
0.001381
0.001382
0.001383
0.001384
0.001385
0.001387
0.001390
0.001391
0.001391
0.001391
0.001392
0.001392
0.001392
0.001392
0.001392
0.001393
0.001394
0.001396
0.001398
0.001399
0.001400
0.001400
0.001400
0.001400
0.001401
0.001401
0.001401
0.001401
0.001402
0.001404
0.001405
0.001406
0.001406
0.001406
0.001407
0.001407
0.001407
0.001407
0.001410
0.001411
0.001414
0.001414
0.001415
0.001416
0.001416
0.001416
0.001416
0.001421
0.001422
0.001423
0.001426
0.001426
0.001427
0.001428
0.001428
0.001428
0.001429
0.001429
0.001429
0.001431
0.001431
0.001433
0.001433
0.001434
0.001434
0.001435
0.001436
0.001439
0.001441
0.001442
0.001442
0.001442
0.001444
0.001444
0.001444
0.001445
0.001447
0.001452
0.001452
0.001454
0.001455
0.001457
0.001457
0.001457
0.001457
0.001457
0.001457
0.001457
0.001457
0.001459
0.001462
0.001464
0.001464
0.001468
0.001468
0.001471
0.001471
0.001471
0.001473
0.001474
0.001475
0.001475
0.001476
0.001477
0.001477
0.001477
0.001478
0.001478
0.001478
0.001478
0.001478
0.001479
0.001479
0.001479
0.001480
0.001481
0.001481
0.001481
0.001482
0.001482
0.001483
0.001483
0.001485
0.001485
0.001485
0.001488
0.001489
0.001489
0.001490
0.001490
0.001490
0.001490
0.001490
0.001490
0.001490
0.001491
0.001492
0.001493
0.001493
0.001493
0.001493
0.001495
0.001496
0.001497
0.001497
0.001497
0.001497
0.001498
0.001499
0.001500
0.001500
0.001501
0.001501
0.001501
0.001502
0.001502
0.001504
0.001504
0.001509
0.001511
0.001512
0.001512
0.001512
0.001513
0.001514
0.001515
0.001515
0.001515
0.001516
0.001516
0.001516
0.001516
0.001516
0.001517
0.001518
0.001518
0.001518
0.001518
0.001519
0.001519
0.001519
0.001521
0.001522
0.001524
0.001526
0.001527
0.001527
0.001528
0.001529
0.001529
0.001531
0.001531
0.001532
0.001532
0.001534
0.001534
0.001536
0.001539
0.001539
0.001539
0.001540
0.001540
0.001540
0.001540
0.001540
0.001542
0.001542
0.001543
0.001543
0.001543
0.001545
0.001546
0.001547
0.001547
0.001548
0.001549
0.001549
0.001549
0.001550
0.001550
0.001550
0.001552
0.001552
0.001552
0.001553
0.001553
0.001554
0.001556
0.001557
0.001559
0.001559
0.001559
0.001560
0.001560
0.001560
0.001560
0.001561
0.001561
0.001563
0.001563
0.001564
0.001565
0.001568
0.001570
0.001570
0.001571
0.001571
0.001572
0.001573
0.001574
0.001576
0.001576
0.001576
0.001576
0.001577
0.001577
0.001578
0.001579
0.001579
0.001583
0.001584
0.001584
0.001584
0.001585
0.001585
0.001588
0.001588
0.001589
0.001590
0.001590
0.001591
0.001592
0.001592
0.001592
0.001593
0.001594
0.001596
0.001601
0.001601
0.001604
0.001604
0.001606
0.001606
0.001607
0.001607
0.001607
0.001607
0.001607
0.001609
0.001612
0.001612
0.001614
0.001614
0.001614
0.001614
0.001615
0.001616
0.001617
0.001618
0.001618
0.001619
0.001619
0.001624
0.001624
0.001624
0.001625
0.001628
0.001628
0.001628
0.001628
0.001630
0.001630
0.001631
0.001632
0.001636
0.001636
0.001636
0.001637
0.001637
0.001637
0.001639
0.001640
0.001644
0.001644
0.001644
0.001645
0.001645
0.001645
0.001645
0.001646
0.001646
0.001647
0.001650
0.001650
0.001651
0.001652
0.001653
0.001653
0.001657
0.001658
0.001658
0.001660
0.001661
0.001667
0.001670
0.001671
0.001672
0.001673
0.001673
0.001679
0.001681
0.001683
0.001684
0.001684
0.001685
0.001687
0.001688
0.001688
0.001688
0.001688
0.001688
0.001688
0.001689
0.001689
0.001689
0.001690
0.001691
0.001697
0.001698
0.001702
0.001704
0.001704
0.001704
0.001704
0.001705
0.001705
0.001705
0.001706
0.001706
0.001706
0.001706
0.001707
0.001707
0.001708
0.001709
0.001709
0.001711
0.001712
0.001713
0.001718
0.001719
0.001719
0.001719
0.001719
0.001721
0.001722
0.001723
0.001723
0.001724
0.001724
0.001725
0.001725
0.001726
0.001727
0.001729
0.001730
0.001730
0.001731
0.001735
0.001736
0.001738
0.001738
0.001739
0.001739
0.001740
0.001741
0.001742
0.001742
0.001742
0.001745
0.001746
0.001746
0.001746
0.001749
0.001749
0.001750
0.001750
0.001750
0.001750
0.001751
0.001752
0.001754
0.001755
0.001755
0.001756
0.001758
0.001758
0.001759
0.001760
0.001760
0.001763
0.001766
0.001766
0.001766
0.001767
0.001769
0.001770
0.001773
0.001773
0.001773
0.001773
0.001774
0.001774
0.001775
0.001775
0.001775
0.001777
0.001777
0.001778
0.001778
0.001779
0.001780
0.001781
0.001781
0.001781
0.001782
0.001783
0.001783
0.001784
0.001786
0.001788
0.001788
0.001788
0.001788
0.001789
0.001789
0.001790
0.001790
0.001790
0.001791
0.001792
0.001796
0.001797
0.001798
0.001799
0.001800
0.001801
0.001801
0.001802
0.001804
0.001806
0.001806
0.001806
0.001809
0.001809
0.001809
0.001809
0.001809
0.001809
0.001809
0.001810
0.001810
0.001810
0.001811
0.001813
0.001813
0.001816
0.001816
0.001816
0.001817
0.001817
0.001817
0.001818
0.001819
0.001819
0.001819
0.001819
0.001819
0.001822
0.001825
0.001825
0.001825
0.001826
0.001827
0.001828
0.001828
0.001829
0.001829
0.001830
0.001831
0.001831
0.001831
0.001833
0.001833
0.001834
0.001834
0.001835
0.001836
0.001836
0.001837
0.001838
0.001838
0.001838
0.001839
0.001841
0.001843
0.001843
0.001844
0.001844
0.001845
0.001848
0.001848
0.001848
0.001848
0.001850
0.001850
0.001850
0.001851
0.001851
0.001851
0.001851
0.001852
0.001852
0.001852
0.001856
0.001856
0.001856
0.001857
0.001857
0.001858
0.001858
0.001858
0.001858
0.001859
0.001860
0.001860
0.001861
0.001861
0.001863
0.001864
0.001864
0.001864
0.001865
0.001865
0.001866
0.001866
0.001866
0.001866
0.001867
0.001868
0.001870
0.001871
0.001871
0.001872
0.001872
0.001873
0.001873
0.001873
0.001873
0.001873
0.001873
0.001874
0.001876
0.001876
0.001877
0.001877
0.001877
0.001878
0.001880
0.001880
0.001883
0.001883
0.001884
0.001885
0.001886
0.001886
0.001886
0.001887
0.001887
0.001888
0.001888
0.001889
0.001889
0.001892
0.001892
0.001893
0.001893
0.001898
0.001899
0.001899
0.001899
0.001900
0.001901
0.001901
0.001901
0.001902
0.001903
0.001905
0.001907
0.001908
0.001908
0.001908
0.001909
0.001909
0.001909
0.001909
0.001910
0.001910
0.001911
0.001911
0.001911
0.001911
0.001912
0.001912
0.001915
0.001915
0.001916
0.001916
0.001917
0.001917
0.001917
0.001918
0.001919
0.001919
0.001920
0.001921
0.001923
0.001924
0.001924
0.001925
0.001925
0.001925
0.001925
0.001926
0.001930
0.001931
0.001932
0.001932
0.001933
0.001933
0.001934
0.001934
0.001934
0.001934
0.001934
0.001935
0.001935
0.001935
0.001936
0.001936
0.001937
0.001938
0.001939
0.001940
0.001940
0.001940
0.001941
0.001941
0.001941
0.001942
0.001942
0.001942
0.001943
0.001943
0.001944
0.001944
0.001945
0.001945
0.001945
0.001946
0.001946
0.001947
0.001947
0.001947
0.001948
0.001948
0.001948
0.001948
0.001950
0.001950
0.001950
0.001951
0.001951
0.001951
0.001951
0.001951
0.001952
0.001952
0.001952
0.001953
0.001953
0.001955
0.001955
0.001956
0.001957
0.001960
0.001962
0.001964
0.001964
0.001964
0.001964
0.001965
0.001965
0.001970
0.001971
0.001972
0.001974
0.001977
0.001978
0.001980
0.001981
0.001984
0.001986
0.001987
0.001987
0.001988
0.001988
0.001988
0.001991
0.001991
0.001992
0.001992
0.001992
0.001993
0.001996
0.001997
0.001997
0.001997
0.001998
0.001998
0.001998
0.001998
0.001998
0.002000
0.002001
0.002001
0.002001
0.002001
0.002002
0.002002
0.002003
0.002004
0.002004
0.002005
0.002006
0.002009
0.002010
0.002010
0.002010
0.002011
0.002011
0.002014
0.002016
0.002016
0.002017
0.002019
0.002021
0.002022
0.002022
0.002023
0.002024
0.002025
0.002031
0.002032
0.002033
0.002034
0.002034
0.002034
0.002036
0.002036
0.002036
0.002037
0.002038
0.002038
0.002038
0.002042
0.002042
0.002042
0.002043
0.002043
0.002043
0.002045
0.002045
0.002046
0.002046
0.002046
0.002047
0.002048
0.002048
0.002048
0.002048
0.002051
0.002051
0.002051
0.002052
0.002052
0.002054
0.002055
0.002056
0.002057
0.002057
0.002057
0.002058
0.002059
0.002060
0.002060
0.002061
0.002064
0.002064
0.002064
0.002064
0.002065
0.002066
0.002066
0.002073
0.002073
0.002074
0.002074
0.002075
0.002075
0.002078
0.002078
0.002082
0.002082
0.002084
0.002084
0.002087
0.002087
0.002088
0.002090
0.002092
0.002092
0.002093
0.002093
0.002094
0.002094
0.002095
0.002096
0.002097
0.002097
0.002099
0.002102
0.002103
0.002103
0.002103
0.002105
0.002105
0.002106
0.002106
0.002107
0.002108
0.002108
0.002108
0.002109
0.002109
0.002110
0.002112
0.002113
0.002114
0.002114
0.002114
0.002116
0.002116
0.002116
0.002117
0.002117
0.002118
0.002119
0.002120
0.002122
0.002124
0.002126
0.002127
0.002127
0.002127
0.002128
0.002137
0.002137
0.002138
0.002140
0.002140
0.002142
0.002144
0.002145
0.002146
0.002146
0.002147
0.002150
0.002152
0.002153
0.002153
0.002153
0.002153
0.002154
0.002155
0.002155
0.002155
0.002155
0.002156
0.002156
0.002158
0.002158
0.002161
0.002161
0.002164
0.002164
0.002166
0.002166
0.002166
0.002168
0.002169
0.002170
0.002170
0.002171
0.002171
0.002172
0.002172
0.002172
0.002173
0.002175
0.002178
0.002178
0.002179
0.002181
0.002182
0.002182
0.002182
0.002183
0.002186
0.002186
0.002188
0.002189
0.002190
0.002190
0.002190
0.002192
0.002192
0.002192
0.002193
0.002195
0.002195
0.002195
0.002197
0.002198
0.002199
0.002199
0.002199
0.002199
0.002202
0.002204
0.002204
0.002204
0.002204
0.002205
0.002205
0.002206
0.002208
0.002208
0.002212
0.002215
0.002215
0.002216
0.002216
0.002217
0.002220
0.002220
0.002220
0.002221
0.002221
0.002222
0.002222
0.002224
0.002224
0.002224
0.002224
0.002224
0.002226
0.002227
0.002230
0.002234
0.002234
0.002235
0.002236
0.002236
0.002236
0.002238
0.002239
0.002240
0.002240
0.002240
0.002241
0.002243
0.002243
0.002245
0.002245
0.002245
0.002246
0.002246
0.002246
0.002247
0.002248
0.002251
0.002252
0.002253
0.002253
0.002255
0.002256
0.002256
0.002256
0.002259
0.002259
0.002259
0.002260
0.002260
0.002261
0.002262
0.002262
0.002263
0.002263
0.002263
0.002265
0.002265
0.002266
0.002267
0.002268
0.002269
0.002269
0.002270
0.002270
0.002270
0.002271
0.002272
0.002272
0.002274
0.002274
0.002274
0.002275
0.002275
0.002275
0.002276
0.002276
0.002276
0.002277
0.002278
0.002278
0.002281
0.002283
0.002283
0.002290
0.002291
0.002293
0.002293
0.002294
0.002294
0.002297
0.002297
0.002297
0.002298
0.002298
0.002300
0.002300
0.002301
0.002302
0.002303
0.002303
0.002307
0.002308
0.002309
0.002309
0.002309
0.002309
0.002310
0.002310
0.002311
0.002311
0.002312
0.002313
0.002317
0.002317
0.002318
0.002319
0.002319
0.002320
0.002320
0.002320
0.002320
0.002324
0.002325
0.002325
0.002326
0.002327
0.002327
0.002329
0.002329
0.002330
0.002331
0.002331
0.002333
0.002335
0.002335
0.002336
0.002337
0.002337
0.002338
0.002341
0.002343
0.002344
0.002344
0.002345
0.002348
0.002349
0.002350
0.002351
0.002351
0.002352
0.002353
0.002354
0.002354
0.002354
0.002356
0.002356
0.002358
0.002358
0.002359
0.002360
0.002361
0.002364
0.002365
0.002366
0.002368
0.002368
0.002368
0.002369
0.002373
0.002373
0.002373
0.002373
0.002373
0.002374
0.002374
0.002374
0.002374
0.002374
0.002374
0.002375
0.002375
0.002376
0.002376
0.002376
0.002378
0.002378
0.002378
0.002378
0.002378
0.002380
0.002380
0.002381
0.002383
0.002383
0.002384
0.002386
0.002386
0.002391
0.002392
0.002392
0.002394
0.002395
0.002396
0.002396
0.002397
0.002397
0.002398
0.002399
0.002401
0.002411
0.002411
0.002411
0.002412
0.002414
0.002415
0.002421
0.002421
0.002421
0.002423
0.002423
0.002423
0.002423
0.002425
0.002425
0.002427
0.002427
0.002428
0.002429
0.002430
0.002433
0.002434
0.002435
0.002436
0.002439
0.002440
0.002441
0.002441
0.002442
0.002442
0.002444
0.002446
0.002446
0.002446
0.002447
0.002452
0.002452
0.002457
0.002457
0.002459
0.002460
0.002461
0.002465
0.002465
0.002465
0.002467
0.002467
0.002467
0.002467
0.002469
0.002470
0.002471
0.002471
0.002473
0.002474
0.002474
0.002474
0.002475
0.002475
0.002475
0.002475
0.002475
0.002476
0.002477
0.002478
0.002478
0.002481
0.002481
0.002481
0.002486
0.002487
0.002489
0.002489
0.002489
0.002490
0.002490
0.002490
0.002490
0.002490
0.002491
0.002492
0.002492
0.002492
0.002493
0.002494
0.002495
0.002495
0.002498
0.002498
0.002501
0.002501
0.002503
0.002504
0.002504
0.002505
0.002505
0.002506
0.002506
0.002506
0.002507
0.002508
0.002508
0.002508
0.002509
0.002509
0.002509
0.002509
0.002510
0.002511
0.002514
0.002514
0.002514
0.002517
0.002517
0.002518
0.002522
0.002522
0.002529
0.002530
0.002530
0.002531
0.002532
0.002533
0.002536
0.002536
0.002536
0.002537
0.002538
0.002539
0.002541
0.002541
0.002543
0.002543
0.002547
0.002548
0.002548
0.002548
0.002548
0.002549
0.002549
0.002549
0.002550
0.002551
0.002551
0.002551
0.002551
0.002553
0.002554
0.002554
0.002556
0.002557
0.002559
0.002559
0.002559
0.002560
0.002561
0.002566
0.002566
0.002570
0.002571
0.002571
0.002574
0.002574
0.002574
0.002577
0.002578
0.002581
0.002581
0.002581
0.002584
0.002587
0.002592
0.002592
0.002593
0.002593
0.002593
0.002594
0.002594
0.002594
0.002595
0.002597
0.002597
0.002597
0.002600
0.002601
0.002601
0.002604
0.002605
0.002605
0.002608
0.002608
0.002608
0.002609
0.002609
0.002610
0.002610
0.002610
0.002613
0.002613
0.002614
0.002615
0.002616
0.002616
0.002623
0.002623
0.002623
0.002623
0.002625
0.002625
0.002626
0.002627
0.002629
0.002629
0.002640
0.002643
0.002647
0.002648
0.002649
0.002654
0.002655
0.002655
0.002656
0.002664
0.002667
0.002667
0.002669
0.002670
0.002674
0.002674
0.002674
0.002675
0.002675
0.002683
0.002683
0.002685
0.002686
0.002687
0.002693
0.002693
0.002693
0.002694
0.002699
0.002701
0.002702
0.002703
0.002703
0.002704
0.002704
0.002704
0.002704
0.002706
0.002707
0.002710
0.002711
0.002712
0.002713
0.002713
0.002713
0.002716
0.002716
0.002716
0.002717
0.002721
0.002723
0.002723
0.002723
0.002724
0.002724
0.002724
0.002724
0.002724
0.002725
0.002726
0.002726
0.002727
0.002729
0.002729
0.002730
0.002730
0.002730
0.002732
0.002732
0.002734
0.002739
0.002739
0.002739
0.002743
0.002744
0.002744
0.002746
0.002746
0.002747
0.002747
0.002748
0.002748
0.002752
0.002756
0.002756
0.002759
0.002760
0.002760
0.002760
0.002761
0.002761
0.002765
0.002765
0.002765
0.002766
0.002767
0.002769
0.002769
0.002770
0.002771
0.002773
0.002773
0.002774
0.002775
0.002776
0.002778
0.002778
0.002778
0.002778
0.002780
0.002780
0.002780
0.002783
0.002784
0.002788
0.002789
0.002789
0.002789
0.002793
0.002794
0.002794
0.002794
0.002795
0.002795
0.002796
0.002796
0.002797
0.002797
0.002798
0.002798
0.002800
0.002801
0.002809
0.002809
0.002812
0.002820
0.002822
0.002822
0.002825
0.002826
0.002827
0.002827
0.002832
0.002832
0.002834
0.002835
0.002840
0.002843
0.002845
0.002846
0.002846
0.002861
0.002861
0.002861
0.002862
0.002863
0.002863
0.002863
0.002863
0.002863
0.002865
0.002865
0.002866
0.002867
0.002871
0.002871
0.002875
0.002876
0.002876
0.002876
0.002877
0.002877
0.002877
0.002878
0.002881
0.002883
0.002884
0.002884
0.002887
0.002887
0.002887
0.002889
0.002890
0.002892
0.002892
0.002897
0.002897
0.002898
0.002899
0.002900
0.002901
0.002902
0.002902
0.002902
0.002904
0.002905
0.002905
0.002905
0.002906
0.002907
0.002908
0.002911
0.002913
0.002913
0.002914
0.002916
0.002916
0.002916
0.002917
0.002919
0.002919
0.002923
0.002923
0.002928
0.002933
0.002933
0.002933
0.002935
0.002936
0.002937
0.002938
0.002938
0.002940
0.002947
0.002949
0.002949
0.002958
0.002958
0.002959
0.002959
0.002959
0.002961
0.002961
0.002962
0.002962
0.002964
0.002964
0.002965
0.002966
0.002966
0.002967
0.002974
0.002977
0.002977
0.002978
0.002978
0.002978
0.002979
0.002981
0.002983
0.002983
0.002987
0.002989
0.002991
0.002992
0.002992
0.002992
0.002994
0.002995
0.002995
0.002995
0.002997
0.002999
0.003000
0.003000
0.003001
0.003001
0.003003
0.003004
0.003005
0.003007
0.003009
0.003011
0.003012
0.003014
0.003014
0.003017
0.003019
0.003019
0.003020
0.003020
0.003021
0.003023
0.003024
0.003026
0.003028
0.003029
0.003030
0.003034
0.003034
0.003036
0.003036
0.003036
0.003037
0.003038
0.003038
0.003039
0.003043
0.003043
0.003044
0.003044
0.003045
0.003046
0.003048
0.003049
0.003049
0.003049
0.003050
0.003053
0.003055
0.003055
0.003056
0.003056
0.003056
0.003057
0.003057
0.003057
0.003058
0.003058
0.003059
0.003063
0.003068
0.003069
0.003071
0.003071
0.003071
0.003073
0.003073
0.003074
0.003075
0.003076
0.003076
0.003079
0.003083
0.003084
0.003084
0.003087
0.003092
0.003100
0.003100
0.003103
0.003105
0.003105
0.003106
0.003106
0.003108
0.003108
0.003108
0.003109
0.003109
0.003110
0.003110
0.003117
0.003117
0.003121
0.003125
0.003126
0.003128
0.003131
0.003132
0.003133
0.003134
0.003134
0.003135
0.003135
0.003138
0.003138
0.003138
0.003140
0.003140
0.003140
0.003141
0.003142
0.003142
0.003143
0.003143
0.003145
0.003145
0.003148
0.003149
0.003161
0.003161
0.003161
0.003161
0.003163
0.003164
0.003164
0.003165
0.003166
0.003168
0.003170
0.003170
0.003172
0.003173
0.003174
0.003174
0.003174
0.003174
0.003175
0.003175
0.003181
0.003187
0.003188
0.003190
0.003191
0.003191
0.003195
0.003196
0.003196
0.003196
0.003197
0.003197
0.003200
0.003201
0.003202
0.003203
0.003203
0.003204
0.003204
0.003205
0.003206
0.003207
0.003208
0.003209
0.003217
0.003222
0.003225
0.003226
0.003226
0.003226
0.003227
0.003233
0.003235
0.003235
0.003236
0.003236
0.003240
0.003240
0.003241
0.003241
0.003243
0.003243
0.003243
0.003244
0.003244
0.003245
0.003247
0.003247
0.003247
0.003247
0.003255
0.003257
0.003257
0.003257
0.003259
0.003259
0.003259
0.003259
0.003262
0.003262
0.003263
0.003264
0.003264
0.003265
0.003265
0.003265
0.003268
0.003268
0.003268
0.003269
0.003270
0.003272
0.003272
0.003272
0.003272
0.003272
0.003273
0.003275
0.003275
0.003276
0.003278
0.003278
0.003281
0.003281
0.003281
0.003281
0.003282
0.003283
0.003286
0.003286
0.003287
0.003290
0.003295
0.003301
0.003304
0.003304
0.003304
0.003304
0.003305
0.003306
0.003306
0.003307
0.003308
0.003309
0.003310
0.003312
0.003314
0.003316
0.003317
0.003320
0.003321
0.003323
0.003324
0.003324
0.003325
0.003326
0.003326
0.003327
0.003327
0.003327
0.003328
0.003330
0.003331
0.003331
0.003337
0.003340
0.003340
0.003343
0.003343
0.003352
0.003352
0.003354
0.003355
0.003356
0.003356
0.003358
0.003358
0.003359
0.003359
0.003359
0.003361
0.003362
0.003365
0.003366
0.003366
0.003367
0.003378
0.003378
0.003378
0.003379
0.003379
0.003380
0.003383
0.003383
0.003383
0.003384
0.003384
0.003386
0.003391
0.003391
0.003392
0.003392
0.003393
0.003393
0.003394
0.003395
0.003395
0.003395
0.003400
0.003402
0.003402
0.003402
0.003402
0.003410
0.003411
0.003411
0.003412
0.003412
0.003415
0.003415
0.003415
0.003415
0.003415
0.003415
0.003416
0.003417
0.003419
0.003420
0.003420
0.003420
0.003420
0.003430
0.003431
0.003433
0.003434
0.003435
0.003439
0.003441
0.003441
0.003442
0.003443
0.003443
0.003443
0.003447
0.003448
0.003449
0.003449
0.003452
0.003452
0.003452
0.003452
0.003454
0.003454
0.003454
0.003454
0.003455
0.003455
0.003455
0.003456
0.003458
0.003461
0.003461
0.003463
0.003465
0.003465
0.003465
0.003467
0.003468
0.003469
0.003469
0.003469
0.003470
0.003473
0.003473
0.003478
0.003480
0.003480
0.003484
0.003485
0.003486
0.003486
0.003491
0.003491
0.003492
0.003494
0.003495
0.003497
0.003497
0.003499
0.003501
0.003503
0.003503
0.003504
0.003506
0.003507
0.003507
0.003509
0.003509
0.003509
0.003510
0.003510
0.003511
0.003511
0.003513
0.003514
0.003519
0.003520
0.003521
0.003521
0.003524
0.003524
0.003527
0.003534
0.003536
0.003538
0.003539
0.003540
0.003541
0.003541
0.003542
0.003543
0.003543
0.003544
0.003548
0.003550
0.003553
0.003556
0.003561
0.003562
0.003564
0.003564
0.003566
0.003568
0.003571
0.003578
0.003578
0.003578
0.003579
0.003580
0.003582
0.003583
0.003584
0.003584
0.003586
0.003586
0.003586
0.003586
0.003589
0.003589
0.003590
0.003592
0.003592
0.003595
0.003595
0.003595
0.003602
0.003602
0.003603
0.003603
0.003605
0.003605
0.003606
0.003607
0.003607
0.003609
0.003613
0.003623
0.003626
0.003626
0.003632
0.003633
0.003634
0.003637
0.003637
0.003638
0.003639
0.003644
0.003648
0.003652
0.003652
0.003652
0.003653
0.003658
0.003659
0.003663
0.003663
0.003668
0.003669
0.003669
0.003671
0.003674
0.003678
0.003683
0.003685
0.003685
0.003686
0.003688
0.003689
0.003692
0.003695
0.003696
0.003698
0.003698
0.003698
0.003700
0.003701
0.003707
0.003710
0.003710
0.003712
0.003712
0.003715
0.003715
0.003715
0.003716
0.003716
0.003716
0.003718
0.003721
0.003721
0.003722
0.003723
0.003725
0.003727
0.003732
0.003732
0.003733
0.003733
0.003733
0.003733
0.003737
0.003743
0.003745
0.003745
0.003746
0.003748
0.003749
0.003750
0.003756
0.003756
0.003765
0.003765
0.003769
0.003770
0.003770
0.003772
0.003774
0.003774
0.003775
0.003775
0.003777
0.003778
0.003779
0.003780
0.003786
0.003786
0.003787
0.003788
0.003788
0.003793
0.003793
0.003795
0.003795
0.003795
0.003795
0.003799
0.003800
0.003804
0.003804
0.003805
0.003805
0.003807
0.003808
0.003809
0.003809
0.003811
0.003814
0.003819
0.003822
0.003826
0.003829
0.003830
0.003832
0.003833
0.003834
0.003835
0.003835
0.003835
0.003836
0.003836
0.003836
0.003836
0.003839
0.003844
0.003844
0.003844
0.003844
0.003844
0.003844
0.003844
0.003844
0.003845
0.003845
0.003845
0.003845
0.003846
0.003847
0.003847
0.003847
0.003848
0.003848
0.003848
0.003849
0.003851
0.003853
0.003853
0.003854
0.003854
0.003856
0.003859
0.003860
0.003860
0.003861
0.003863
0.003863
0.003864
0.003864
0.003864
0.003864
0.003865
0.003866
0.003866
0.003868
0.003871
0.003871
0.003884
0.003886
0.003889
0.003891
0.003892
0.003892
0.003894
0.003894
0.003898
0.003898
0.003898
0.003899
0.003900
0.003901
0.003906
0.003908
0.003908
0.003909
0.003910
0.003914
0.003915
0.003915
0.003916
0.003917
0.003919
0.003924
0.003925
0.003931
0.003933
0.003933
0.003939
0.003939
0.003939
0.003947
0.003948
0.003951
0.003951
0.003952
0.003952
0.003952
0.003952
0.003957
0.003961
0.003962
0.003969
0.003969
0.003973
0.003978
0.003980
0.003980
0.003982
0.003982
0.003983
0.003983
0.003984
0.003985
0.003992
0.003992
0.003993
0.003994
0.003994
0.003997
0.003997
0.004001
0.004002
0.004002
0.004003
0.004004
0.004007
0.004007
0.004008
0.004009
0.004010
0.004011
0.004016
0.004016
0.004017
0.004020
0.004022
0.004022
0.004022
0.004022
0.004025
0.004025
0.004026
0.004026
0.004030
0.004031
0.004031
0.004034
0.004035
0.004036
0.004036
0.004036
0.004040
0.004041
0.004043
0.004047
0.004047
0.004047
0.004048
0.004049
0.004049
0.004049
0.004055
0.004056
0.004057
0.004059
0.004059
0.004061
0.004061
0.004063
0.004063
0.004065
0.004065
0.004066
0.004067
0.004067
0.004076
0.004077
0.004078
0.004078
0.004083
0.004083
0.004085
0.004087
0.004088
0.004091
0.004093
0.004097
0.004100
0.004100
0.004103
0.004103
0.004104
0.004104
0.004108
0.004110
0.004111
0.004111
0.004112
0.004112
0.004112
0.004118
0.004119
0.004122
0.004127
0.004129
0.004130
0.004131
0.004133
0.004134
0.004138
0.004138
0.004144
0.004144
0.004150
0.004151
0.004152
0.004153
0.004156
0.004157
0.004157
0.004160
0.004163
0.004163
0.004168
0.004172
0.004174
0.004175
0.004181
0.004181
0.004181
0.004182
0.004184
0.004184
0.004185
0.004185
0.004190
0.004191
0.004191
0.004192
0.004196
0.004200
0.004202
0.004203
0.004203
0.004205
0.004206
0.004207
0.004212
0.004219
0.004222
0.004223
0.004225
0.004225
0.004228
0.004231
0.004236
0.004237
0.004239
0.004242
0.004242
0.004247
0.004247
0.004247
0.004250
0.004251
0.004253
0.004254
0.004254
0.004255
0.004258
0.004258
0.004260
0.004260
0.004261
0.004261
0.004261
0.004261
0.004265
0.004266
0.004266
0.004267
0.004271
0.004273
0.004273
0.004275
0.004280
0.004282
0.004282
0.004287
0.004287
0.004289
0.004292
0.004293
0.004298
0.004299
0.004303
0.004304
0.004305
0.004306
0.004312
0.004315
0.004316
0.004316
0.004322
0.004333
0.004338
0.004339
0.004340
0.004341
0.004343
0.004344
0.004344
0.004345
0.004350
0.004350
0.004351
0.004351
0.004355
0.004357
0.004357
0.004361
0.004362
0.004362
0.004363
0.004363
0.004368
0.004371
0.004375
0.004376
0.004380
0.004381
0.004393
0.004401
0.004408
0.004413
0.004414
0.004414
0.004415
0.004415
0.004415
0.004428
0.004429
0.004431
0.004432
0.004434
0.004434
0.004447
0.004447
0.004454
0.004456
0.004457
0.004457
0.004457
0.004457
0.004459
0.004459
0.004461
0.004461
0.004462
0.004467
0.004472
0.004484
0.004485
0.004485
0.004492
0.004492
0.004496
0.004498
0.004499
0.004506
0.004507
0.004507
0.004508
0.004509
0.004510
0.004520
0.004524
0.004529
0.004530
0.004531
0.004531
0.004533
0.004534
0.004539
0.004541
0.004542
0.004542
0.004545
0.004546
0.004547
0.004547
0.004548
0.004552
0.004552
0.004556
0.004556
0.004557
0.004559
0.004559
0.004561
0.004563
0.004564
0.004571
0.004572
0.004572
0.004574
0.004574
0.004584
0.004585
0.004586
0.004586
0.004586
0.004594
0.004597
0.004597
0.004597
0.004598
0.004600
0.004600
0.004602
0.004603
0.004603
0.004604
0.004604
0.004609
0.004609
0.004611
0.004612
0.004614
0.004615
0.004618
0.004618
0.004618
0.004619
0.004627
0.004627
0.004628
0.004628
0.004631
0.004632
0.004632
0.004634
0.004634
0.004640
0.004641
0.004641
0.004642
0.004642
0.004644
0.004649
0.004649
0.004655
0.004655
0.004656
0.004656
0.004658
0.004659
0.004660
0.004667
0.004667
0.004668
0.004671
0.004671
0.004672
0.004674
0.004676
0.004676
0.004677
0.004679
0.004681
0.004682
0.004682
0.004683
0.004684
0.004695
0.004700
0.004704
0.004704
0.004711
0.004714
0.004714
0.004714
0.004719
0.004725
0.004726
0.004735
0.004744
0.004747
0.004748
0.004748
0.004749
0.004752
0.004753
0.004757
0.004762
0.004765
0.004768
0.004769
0.004772
0.004772
0.004773
0.004773
0.004774
0.004774
0.004780
0.004783
0.004791
0.004795
0.004795
0.004800
0.004801
0.004807
0.004812
0.004813
0.004823
0.004825
0.004831
0.004833
0.004833
0.004836
0.004838
0.004838
0.004854
0.004857
0.004858
0.004859
0.004862
0.004862
0.004869
0.004869
0.004877
0.004877
0.004877
0.004877
0.004878
0.004878
0.004889
0.004890
0.004899
0.004903
0.004906
0.004922
0.004923
0.004937
0.004937
0.004940
0.004952
0.004954
0.004957
0.004958
0.004958
0.004958
0.004964
0.004964
0.004965
0.004965
0.004966
0.004966
0.004970
0.004971
0.004972
0.004982
0.004983
0.004986
0.004987
0.004990
0.005013
0.005014
0.005014
0.005015
0.005018
0.005019
0.005028
0.005028
0.005029
0.005029
0.005036
0.005039
0.005055
0.005059
0.005060
0.005061
0.005064
0.005072
0.005073
0.005075
0.005076
0.005082
0.005085
0.005086
0.005088
0.005088
0.005089
0.005091
0.005093
0.005096
0.005100
0.005101
0.005101
0.005103
0.005104
0.005108
0.005108
0.005109
0.005111
0.005119
0.005121
0.005134
0.005134
0.005135
0.005138
0.005142
0.005143
0.005146
0.005152
0.005154
0.005154
0.005155
0.005156
0.005167
0.005167
0.005168
0.005168
0.005173
0.005174
0.005185
0.005186
0.005186
0.005189
0.005189
0.005197
0.005206
0.005211
0.005219
0.005219
0.005222
0.005228
0.005228
0.005230
0.005240
0.005240
0.005240
0.005241
0.005244
0.005249
0.005249
0.005249
0.005250
0.005254
0.005264
0.005265
0.005271
0.005272
0.005272
0.005272
0.005272
0.005279
0.005280
0.005282
0.005285
0.005288
0.005291
0.005294
0.005307
0.005308
0.005316
0.005316
0.005317
0.005321
0.005323
0.005331
0.005353
0.005374
0.005375
0.005377
0.005378
0.005379
0.005406
0.005406
0.005420
0.005421
0.005421
0.005421
0.005422
0.005424
0.005426
0.005432
0.005438
0.005444
0.005445
0.005446
0.005449
0.005460
0.005461
0.005472
0.005472
0.005474
0.005477
0.005481
0.005481
0.005482
0.005496
0.005497
0.005498
0.005498
0.005499
0.005500
0.005500
0.005501
0.005502
0.005503
0.005508
0.005510
0.005512
0.005518
0.005518
0.005518
0.005530
0.005530
0.005541
0.005544
0.005552
0.005553
0.005554
0.005560
0.005563
0.005569
0.005578
0.005583
0.005586
0.005593
0.005593
0.005597
0.005598
0.005598
0.005603
0.005604
0.005618
0.005621
0.005623
0.005624
0.005625
0.005632
0.005632
0.005632
0.005634
0.005636
0.005637
0.005658
0.005666
0.005667
0.005667
0.005668
0.005668
0.005670
0.005671
0.005672
0.005694
0.005695
0.005714
0.005714
0.005739
0.005740
0.005757
0.005758
0.005776
0.005776
0.005777
0.005788
0.005790
0.005790
0.005790
0.005792
0.005802
0.005804
0.005812
0.005816
0.005817
0.005820
0.005820
0.005823
0.005824
0.005831
0.005833
0.005839
0.005845
0.005856
0.005859
0.005859
0.005865
0.005887
0.005887
0.005887
0.005888
0.005890
0.005890
0.005891
0.005891
0.005908
0.005909
0.005925
0.005925
0.005928
0.005928
0.005928
0.005962
0.005964
0.005986
0.005988
0.005990
0.005990
0.006010
0.006011
0.006012
0.006012
0.006015
0.006020
0.006023
0.006029
0.006035
0.006060
0.006079
0.006080
0.006081
0.006121
0.006138
0.006140
0.006142
0.006147
0.006147
0.006149
0.006150
0.006161
0.006163
0.006165
0.006165
0.006171
0.006178
0.006184
0.006185
0.006192
0.006194
0.006200
0.006216
0.006216
0.006232
0.006243
0.006247
0.006247
0.006267
0.006273
0.006274
0.006277
0.006277
0.006277
0.006279
0.006279
0.006279
0.006299
0.006307
0.006312
0.006312
0.006315
0.006337
0.006338
0.006341
0.006347
0.006349
0.006360
0.006361
0.006362
0.006362
0.006363
0.006378
0.006394
0.006401
0.006402
0.006403
0.006405
0.006409
0.006411
0.006416
0.006422
0.006426
0.006444
0.006446
0.006447
0.006448
0.006458
0.006462
0.006469
0.006473
0.006504
0.006507
0.006508
0.006520
0.006521
0.006534
0.006550
0.006557
0.006557
0.006557
0.006559
0.006559
0.006560
0.006562
0.006562
0.006562
0.006577
0.006578
0.006582
0.006582
0.006587
0.006589
0.006597
0.006631
0.006634
0.006646
0.006647
0.006657
0.006666
0.006670
0.006679
0.006680
0.006685
0.006685
0.006688
0.006688
0.006709
0.006712
0.006712
0.006730
0.006740
0.006748
0.006758
0.006765
0.006772
0.006772
0.006774
0.006776
0.006780
0.006786
0.006786
0.006789
0.006796
0.006798
0.006798
0.006799
0.006799
0.006799
0.006800
0.006801
0.006804
0.006813
0.006830
0.006830
0.006836
0.006848
0.006851
0.006866
0.006866
0.006890
0.006912
0.006953
0.006957
0.006958
0.006965
0.006966
0.006974
0.006975
0.006976
0.006981
0.006989
0.006990
0.006995
0.007000
0.007002
0.007003
0.007013
0.007013
0.007026
0.007026
0.007034
0.007034
0.007043
0.007043
0.007044
0.007051
0.007060
0.007060
0.007089
0.007102
0.007103
0.007104
0.007121
0.007121
0.007153
0.007154
0.007155
0.007156
0.007156
0.007164
0.007181
0.007203
0.007204
0.007205
0.007206
0.007212
0.007214
0.007224
0.007226
0.007242
0.007245
0.007246
0.007278
0.007279
0.007380
0.007381
0.007408
0.007415
0.007415
0.007421
0.007423
0.007427
0.007443
0.007449
0.007452
0.007457
0.007457
0.007474
0.007499
0.007501
0.007510
0.007511
0.007544
0.007544
0.007545
0.007577
0.007631
0.007633
0.007637
0.007640
0.007646
0.007646
0.007648
0.007649
0.007659
0.007662
0.007663
0.007679
0.007681
0.007681
0.007684
0.007684
0.007691
0.007698
0.007699
0.007717
0.007748
0.007790
0.007809
0.007812
0.007820
0.007826
0.007858
0.007869
0.007873
0.007893
0.007894
0.007927
0.007929
0.007935
0.007940
0.007942
0.007951
0.007959
0.007960
0.007981
0.007991
0.007995
0.007997
0.008000
0.008030
0.008034
0.008042
0.008103
0.008123
0.008124
0.008130
0.008131
0.008138
0.008138
0.008143
0.008150
0.008150
0.008159
0.008172
0.008195
0.008195
0.008211
0.008226
0.008235
0.008236
0.008259
0.008259
0.008290
0.008290
0.008293
0.008293
0.008297
0.008325
0.008344
0.008374
0.008376
0.008385
0.008385
0.008404
0.008405
0.008411
0.008414
0.008414
0.008436
0.008439
0.008442
0.008459
0.008459
0.008462
0.008488
0.008553
0.008605
0.008628
0.008630
0.008663
0.008663
0.008732
0.008749
0.008749
0.008774
0.008778
0.008778
0.008787
0.008811
0.008820
0.008821
0.008853
0.008854
0.008876
0.008883
0.008885
0.008885
0.008931
0.008978
0.009046
0.009101
0.009113
0.009134
0.009143
0.009190
0.009192
0.009206
0.009206
0.009244
0.009260
0.009277
0.009277
0.009284
0.009323
0.009324
0.009344
0.009344
0.009351
0.009361
0.009362
0.009406
0.009407
0.009473
0.009473
0.009485
0.009497
0.009498
0.009500
0.009511
0.009531
0.009581
0.009582
0.009583
0.009583
0.009609
0.009610
0.009700
0.009752
0.009826
0.009826
0.009829
0.009837
0.009855
0.009855
0.009902
0.009919
0.009927
0.009944
0.009959
0.009959
0.009982
0.010061
0.010061
0.010111
0.010113
0.010117
0.010137
0.010137
0.010168
0.010176
0.010333
0.010369
0.010388
0.010449
0.010456
0.010457
0.010458
0.010474
0.010525
0.010531
0.010538
0.010564
0.010569
0.010687
0.010687
0.010869
0.010870
0.010886
0.010889
0.010956
0.010958
0.011001
0.011302
0.011303
0.011371
0.011641
0.011658
0.011671
0.011775
0.011794
0.011817
0.011837
0.011916
0.011916
0.011918
0.012223
0.012236
0.012281
0.012283
0.012360
0.012361
0.012365
0.012369
0.012369
0.012372
0.012372
0.012373
0.012402
0.012404
0.012653
0.012688
0.012689
0.012976
0.013011
0.013065
0.013284
0.013284
0.013364
0.013382
0.013530
0.013686
0.013858
0.013971
0.014037
0.014037
0.014153
0.014178
0.014188
0.014196
0.014454
0.014547
0.014549
0.014732
0.014732
0.015242
0.015243
0.015245
0.015431
0.015432
0.015449
0.015451
0.015468
0.016346
0.016346
0.016385
0.016391
0.016417
0.016569
0.016734
0.016743
0.017306
0.017317
0.017318
0.017320
0.017513
0.017513
0.017522
0.018116
0.018117
0.018749
0.018815
0.018816
0.018908
0.018965
0.019761
0.019843
0.019844
0.020541
0.021274
0.021274
0.021380
0.022365
0.022382
0.022681
0.023275
0.023275
0.024227
0.024228
0.024272
0.024673
0.024689
0.027590
0.027590
0.032532
0.032595
0.032639
0.076393
0.126963
0.247954
0.305773
0.317067
0.492252
0.510502
0.532431
0.532507
0.532535
0.532610
0.532687
0.532715
0.532790
0.533174
0.533314
0.533687
0.534541
0.534851
0.535660
0.535737
0.535766
0.535839
0.535917
0.535945
0.536018
0.536096
0.536124
0.536197
0.536275
0.536304
0.536377
0.546239
0.589548
0.605644
0.609221
0.611217
0.626137
0.627723
0.628769
0.631283
0.636257
0.636455
0.636594
0.636975
0.637569
0.637992
0.640744
0.640942
0.641086
0.641878
0.642076
0.642222
0.643018
0.643216
0.643363
0.644163
0.644361
0.644509
0.645313
0.645511
0.645661
0.646469
0.646666
0.646817
0.647629
0.647826
0.647979
0.648795
0.648992
0.649146
0.649966
0.650163
0.650319
0.651142
0.651339
0.651496
0.652323
0.652521
0.652679
0.653510
0.653707
0.653867
0.654702
0.654899
0.655061
0.656097
0.691853
0.829479
0.887663
0.897766
0.905148
0.910267
0.911700
1.135542
1.178080
2.072592
3.731050
66.466986
22










