Loaded 5097 data points from PCD
-1
-1
-1
-1
-1
-1
-1
-1
-1
-1
-1
-1
-1
-1
-1
-1
-1
-1
-1
-1
-1
-1
-1
-1
-1
-1
-1
-1
-1
-1
-1
-1
-1
-1
-1
-1
-1
-1
-1
-1
-1
5.22431e-05
5.96899e-05
6.59194e-05
7.49909e-05
7.54769e-05
8.40312e-05
9.99564e-05
0.000108104
0.000108542
0.000109716
0.000110741
0.000117718
0.000127125
0.000127317
0.000135421
0.000141936
0.000161792
0.000161839
0.000162298
0.000176685
0.000188098
0.000192043
0.000195353
0.000196417
0.000208886
0.000210305
0.00021317
0.000214187
0.000217887
0.000231594
0.000237897
0.000242022
0.000249169
0.000250292
0.000257646
0.000261122
0.00026405
0.000267934
0.000269782
0.000270476
0.000273532
0.000277371
0.000283576
0.000285579
0.000287303
0.000288245
0.000295568
0.000296407
0.000305968
0.000307352
0.000317136
0.000319914
0.000325973
0.000327805
0.000327936
0.000330032
0.000339915
0.000340177
0.00034242
0.000350248
0.000357764
0.000361963
0.000366713
0.0003668
0.000367471
0.000368669
0.00036984
0.000370024
0.000377539
0.000383996
0.00038729
0.000388366
0.000389964
0.000390737
0.000392121
0.000396521
0.000402619
0.000403013
0.00040419
0.000405782
0.000410896
0.000416331
0.000417047
0.000417301
0.000419559
0.000420543
0.00042439
0.000425743
0.000427717
0.000431802
0.000435244
0.0004353
0.000435768
0.000439505
0.000443089
0.000444836
0.000449813
0.000456321
0.000456612
0.000475888
0.000477491
0.000478363
0.000478472
0.000479043
0.000480256
0.000482787
0.000492785
0.000494098
0.00049859
0.000507759
0.000510121
0.000510733
0.000514271
0.000515467
0.000515568
0.000518515
0.000520291
0.000522
0.000523561
0.000531364
0.00053492
0.000535033
0.000538665
0.000542422
0.000560062
0.000560176
0.00056964
0.000570672
0.000572221
0.00057359
0.00057494
0.000578391
0.000579629
0.000588076
0.00058846
0.000594449
0.000600103
0.000601566
0.000606093
0.00060656
0.000607143
0.00060769
0.000607823
0.000609309
0.000612015
0.000612794
0.000616125
0.000617183
0.000622359
0.000622623
0.000623574
0.000623667
0.000626476
0.000630182
0.000631051
0.000636268
0.000637844
0.000642595
0.000648147
0.000650173
0.000656213
0.000662059
0.000663492
0.000663927
0.000664814
0.000665343
0.000670995
0.000672869
0.000676567
0.000678404
0.000679371
0.000684732
0.000686789
0.000687464
0.000687688
0.000687774
0.000689214
0.000689844
0.000691212
0.000692153
0.000694307
0.000697125
0.000697971
0.000699737
0.000700918
0.00071022
0.000710864
0.000712045
0.00071322
0.000714531
0.000715614
0.000720149
0.000721949
0.000727557
0.000731454
0.000732572
0.000733151
0.000733512
0.000733764
0.000736305
0.000739236
0.000739888
0.000740962
0.000748168
0.000751479
0.000752692
0.000753022
0.000754231
0.000755706
0.00075786
0.00075988
0.000761006
0.000763145
0.000763205
0.000771519
0.000774373
0.000776092
0.000776851
0.000777724
0.000778188
0.00078407
0.000784168
0.000785928
0.000786747
0.000787951
0.000794802
0.000796714
0.000797648
0.000798152
0.000798669
0.000803665
0.000804793
0.000805086
0.000807568
0.000808784
0.000809659
0.000809765
0.000813772
0.000816349
0.000816615
0.000818134
0.00081905
0.000825278
0.000825816
0.000826574
0.000826861
0.000832553
0.000833096
0.000833535
0.000835261
0.000835818
0.000838818
0.000840405
0.00084886
0.000851386
0.0008523
0.000852816
0.000854337
0.000855592
0.000857259
0.000857515
0.000858505
0.000863219
0.000864856
0.000866129
0.000868973
0.000869164
0.000872445
0.000876656
0.000879506
0.00087975
0.000880278
0.000881239
0.000881253
0.000882137
0.000889854
0.000895173
0.000900472
0.00090257
0.000902629
0.0009034
0.000905207
0.000905864
0.000908362
0.000910235
0.000913238
0.000915924
0.0009203
0.000920706
0.000921658
0.000921918
0.00092247
0.00092365
0.000923759
0.000926276
0.000927861
0.000929522
0.000929586
0.00093753
0.000938008
0.000942821
0.000948257
0.000948861
0.000950688
0.00095281
0.00095337
0.000953456
0.000954547
0.000955232
0.000955938
0.000958323
0.000958719
0.000958817
0.000960244
0.000960482
0.000960842
0.000962028
0.000962966
0.000964718
0.000970292
0.000971694
0.000971955
0.000972712
0.000974077
0.00097641
0.000979315
0.000985638
0.00098743
0.000989405
0.000992138
0.000996632
0.000996684
0.000997926
0.000998311
0.000998529
0.00100071
0.00100282
0.001007
0.0010072
0.001009
0.0010138
0.00101706
0.0010193
0.00102024
0.00102273
0.00102294
0.00103107
0.00103429
0.00103779
0.00104366
0.001044
0.00104436
0.00104601
0.00104626
0.00104652
0.00104674
0.00104705
0.00104838
0.00104936
0.0010499
0.00105228
0.00105403
0.00105417
0.00105511
0.00105567
0.00105605
0.00105859
0.00105913
0.00105991
0.00106003
0.00106008
0.00106038
0.00106052
0.00106112
0.00106178
0.00106178
0.00106427
0.00106562
0.00106647
0.00106672
0.00106678
0.00106709
0.00106738
0.00107062
0.00107249
0.00107348
0.00107352
0.00107482
0.00107703
0.00107825
0.00107913
0.00108695
0.00108971
0.00109366
0.00109588
0.00110125
0.00110188
0.00110524
0.00110901
0.00110901
0.00111074
0.00111114
0.00111293
0.00111414
0.00111485
0.00111618
0.00111735
0.00111878
0.00111924
0.00112124
0.00112162
0.00112228
0.00112774
0.00112854
0.00112879
0.00113164
0.00113245
0.00113445
0.00113448
0.0011352
0.00113682
0.00113768
0.0011401
0.00114131
0.0011425
0.00114286
0.0011435
0.00114753
0.00114836
0.00114849
0.00114909
0.00114945
0.00114975
0.00115033
0.00115268
0.00115388
0.00115409
0.00115529
0.00115722
0.00115777
0.00116025
0.00116294
0.0011641
0.00116417
0.00116421
0.00116595
0.00116617
0.00116642
0.00116718
0.00116967
0.00117174
0.00117274
0.00117324
0.00117663
0.00117793
0.00117886
0.00117906
0.00117969
0.00117983
0.00118053
0.00118192
0.00118207
0.00118329
0.00118371
0.00118471
0.00118551
0.00118592
0.00118596
0.00118723
0.00118956
0.00119072
0.00119221
0.00119299
0.00119398
0.00119403
0.00119515
0.00119608
0.00119678
0.00119778
0.00119787
0.00119922
0.00119986
0.00120638
0.00120714
0.00120766
0.0012078
0.00120878
0.0012098
0.0012098
0.00120992
0.00121014
0.00121025
0.00121337
0.00121386
0.00121413
0.00121442
0.00121524
0.00121548
0.00121859
0.00121947
0.00122274
0.00122302
0.00122362
0.00122452
0.00122577
0.00122596
0.00122704
0.00122707
0.0012285
0.00122988
0.0012309
0.00123115
0.00123185
0.00123192
0.00123269
0.00123391
0.00123591
0.00123788
0.0012382
0.00124123
0.00124254
0.00124418
0.00124452
0.00124462
0.00124478
0.00124481
0.0012458
0.00124601
0.00124608
0.00124713
0.00124746
0.00124774
0.00124822
0.00124907
0.00124972
0.0012498
0.00125351
0.00125509
0.00125664
0.00125688
0.00125798
0.00125898
0.00125975
0.00126314
0.00126337
0.00126582
0.00126798
0.00127107
0.00127291
0.00127546
0.00127622
0.00127683
0.00127685
0.00128066
0.00128073
0.00128127
0.00128269
0.00128298
0.00128387
0.00128509
0.00128639
0.00128659
0.00129559
0.00129562
0.00129563
0.00129669
0.0012977
0.00129985
0.00130047
0.00130114
0.00130159
0.00130191
0.00130241
0.00130373
0.00130417
0.00130706
0.00130903
0.00130945
0.00130988
0.00131103
0.00131148
0.00131385
0.001315
0.00131611
0.00131701
0.00131772
0.00132159
0.00132268
0.00132502
0.00132507
0.00132598
0.00132629
0.00132864
0.00132889
0.00132955
0.00133364
0.00133638
0.00133719
0.00133772
0.00133849
0.00133959
0.0013396
0.00134003
0.00134146
0.00134627
0.00134841
0.00134911
0.00134985
0.0013509
0.00135215
0.00135304
0.00135327
0.00135367
0.00135631
0.00135737
0.00135796
0.00136107
0.00136147
0.00136481
0.00136524
0.00136849
0.00136905
0.00137056
0.0013754
0.00138036
0.00138037
0.00138119
0.00138211
0.00138213
0.00138276
0.0013836
0.00138561
0.00138611
0.00139062
0.0013913
0.00139171
0.00139197
0.00139477
0.00139961
0.00140085
0.00140461
0.00140496
0.00140713
0.00140717
0.00140717
0.00140771
0.00141151
0.00141299
0.00141353
0.00141369
0.00141407
0.00141442
0.00141844
0.00142397
0.00142432
0.00142492
0.00142497
0.00142511
0.00142516
0.00142605
0.00142624
0.00142659
0.00142727
0.00142856
0.00142918
0.0014295
0.00142961
0.00143036
0.00143094
0.00143181
0.00143224
0.00143243
0.00143244
0.00143249
0.00143447
0.00143499
0.00143512
0.00143553
0.00143728
0.00144011
0.00144038
0.00144079
0.00144099
0.00144333
0.00144372
0.00144627
0.00144721
0.00144805
0.00144838
0.0014488
0.00145048
0.00145248
0.00145361
0.00145417
0.00145548
0.00145575
0.00145698
0.00145714
0.00145825
0.00145955
0.00146176
0.00146213
0.00146241
0.00146274
0.00146314
0.0014635
0.00146515
0.00146663
0.00146666
0.00146722
0.00146767
0.00146942
0.00146945
0.00147015
0.00147023
0.00147162
0.00147259
0.00147297
0.00147364
0.00147392
0.001475
0.00147842
0.00147858
0.00147905
0.00147918
0.00148055
0.00148164
0.00148289
0.0014848
0.00148591
0.00148771
0.00148819
0.00148883
0.00148943
0.00148969
0.0014897
0.00148971
0.00149057
0.00149086
0.0014915
0.00149198
0.00149293
0.00149325
0.00149697
0.00149906
0.00150025
0.00150162
0.00150353
0.00150577
0.00150871
0.00150876
0.00150961
0.0015113
0.00151138
0.00151358
0.00151501
0.00151618
0.00151717
0.00151783
0.00151791
0.00151832
0.00151915
0.00151936
0.00152041
0.00152103
0.00152296
0.0015231
0.00152331
0.00152396
0.00152468
0.00152483
0.00152624
0.00152764
0.00152778
0.00152852
0.00152932
0.00152974
0.00153052
0.00153075
0.00153227
0.00153283
0.0015345
0.00153477
0.00153543
0.0015356
0.001536
0.00153607
0.00153781
0.00153786
0.00153796
0.00153812
0.00153843
0.0015387
0.00154021
0.00154021
0.00154117
0.0015432
0.00154407
0.00154408
0.00154504
0.00154512
0.0015456
0.00154581
0.00154654
0.00154688
0.00154847
0.00154922
0.00155346
0.0015537
0.00155389
0.0015558
0.0015575
0.00155809
0.00155888
0.00155945
0.00156199
0.00156259
0.0015635
0.00156395
0.00156428
0.00156457
0.00156533
0.00156612
0.00156643
0.00156754
0.00156927
0.00157007
0.00157062
0.00157239
0.00157374
0.0015744
0.00157919
0.00158078
0.00158264
0.00158315
0.00158323
0.00158376
0.00158661
0.00158696
0.00158793
0.0015885
0.0015885
0.0015897
0.00159103
0.00159298
0.00159351
0.00159427
0.0015952
0.00159578
0.00159723
0.0015973
0.0015974
0.00159906
0.00160211
0.00160246
0.00160259
0.00160366
0.00160448
0.00160469
0.00160495
0.00160661
0.0016086
0.00160872
0.00161671
0.0016205
0.00162054
0.00162066
0.00162107
0.00162147
0.00162215
0.00162394
0.00162447
0.00162622
0.0016279
0.00162841
0.0016313
0.00163134
0.00163162
0.00163182
0.00163278
0.0016334
0.00163345
0.00163353
0.00163358
0.00163415
0.0016342
0.00163531
0.0016367
0.00163696
0.00163711
0.00163809
0.00163899
0.00163969
0.0016416
0.00164199
0.00164233
0.00164234
0.00164319
0.00164346
0.00164346
0.00164498
0.00164502
0.00164512
0.00164696
0.00164758
0.00164765
0.00164843
0.00164886
0.00165005
0.00165046
0.00165146
0.00165166
0.00165233
0.00165269
0.00165291
0.00165426
0.00165728
0.00165783
0.00165821
0.0016594
0.00166073
0.00166082
0.00166086
0.00166165
0.00166233
0.00166371
0.00166417
0.0016654
0.00166613
0.00166662
0.00166665
0.00166765
0.00166914
0.00166962
0.00167036
0.00167054
0.00167115
0.00167178
0.00167217
0.00167335
0.0016736
0.00167589
0.00167657
0.00167674
0.00168082
0.0016811
0.0016811
0.00168119
0.00168262
0.00168263
0.00168284
0.00168335
0.00168422
0.00168428
0.00168467
0.00168551
0.00168591
0.00168628
0.00168764
0.00168799
0.0016886
0.00169009
0.00169067
0.00169302
0.00169385
0.00169454
0.00169475
0.0016948
0.00169609
0.0016961
0.00169616
0.00169717
0.0016977
0.00169781
0.00169812
0.00169879
0.00169904
0.00169923
0.00169945
0.00169993
0.00170025
0.00170057
0.00170085
0.00170141
0.00170209
0.00170228
0.00170519
0.00170604
0.0017065
0.00170652
0.00170725
0.00171035
0.00171053
0.0017119
0.00171211
0.00171216
0.00171281
0.00171321
0.00171332
0.00171457
0.00171474
0.00171535
0.00171576
0.0017182
0.00171832
0.00171946
0.00171994
0.00172075
0.00172115
0.00172199
0.00172453
0.0017252
0.00172596
0.00172667
0.00172777
0.00172979
0.00173603
0.00173769
0.00173963
0.00173973
0.00174025
0.00174107
0.00174319
0.0017449
0.00174641
0.00174974
0.00175082
0.00175106
0.00175119
0.00175147
0.00175176
0.0017538
0.00175391
0.00175559
0.00175678
0.00175699
0.00175796
0.00175957
0.00176156
0.00176225
0.00176243
0.00176263
0.00176266
0.00176372
0.00176561
0.00176579
0.00176701
0.00176911
0.00176996
0.00177013
0.00177021
0.00177034
0.0017721
0.00177464
0.00177473
0.00177791
0.00177804
0.00177823
0.00177893
0.00177976
0.00177999
0.00178168
0.00178225
0.00178278
0.00178376
0.00178381
0.0017845
0.00178533
0.00178659
0.00178664
0.0017868
0.00178729
0.00178787
0.00178845
0.00179
0.0017917
0.0017922
0.00179255
0.00179305
0.00179337
0.00179566
0.00179649
0.00179657
0.00179852
0.00179893
0.00179982
0.00180133
0.00180139
0.00180269
0.00180423
0.00180453
0.00180511
0.00180544
0.00180618
0.00180673
0.00180688
0.00180782
0.00180849
0.00180955
0.00181
0.00181058
0.00181203
0.0018123
0.00181524
0.0018155
0.00181685
0.00181752
0.00181925
0.00181949
0.00182138
0.00182289
0.0018229
0.00182314
0.0018266
0.00182666
0.00182681
0.00182685
0.0018278
0.00182836
0.00182867
0.00182931
0.00183039
0.00183139
0.00183244
0.00183278
0.00183467
0.00183569
0.00183669
0.00183696
0.00183808
0.00183817
0.00183919
0.00184025
0.00184258
0.00184599
0.00184662
0.00184707
0.00184791
0.00184838
0.00185089
0.0018538
0.0018547
0.00185573
0.00185679
0.00185695
0.00185698
0.00185753
0.0018585
0.001859
0.00185944
0.00185994
0.00186001
0.00186006
0.00186207
0.00186273
0.00186304
0.00186325
0.0018633
0.00186386
0.00186412
0.0018645
0.0018666
0.00186771
0.00186862
0.00186915
0.00186931
0.00186937
0.00187035
0.00187065
0.00187073
0.00187097
0.00187153
0.00187215
0.00187753
0.0018794
0.00188
0.00188013
0.00188015
0.00188036
0.00188072
0.00188094
0.00188123
0.00188159
0.00188191
0.00188502
0.00188552
0.00188696
0.00188788
0.00188834
0.00188954
0.00188978
0.00189053
0.00189073
0.00189142
0.00189196
0.00189343
0.00189423
0.00189497
0.00189612
0.00189666
0.00189777
0.00190007
0.00190052
0.00190165
0.00190204
0.00190437
0.00190457
0.00190755
0.00190764
0.0019079
0.00190977
0.00191124
0.00191147
0.00191189
0.00191293
0.00191305
0.00191323
0.00191335
0.00191435
0.0019163
0.00191666
0.00191744
0.00191913
0.00191919
0.00191925
0.00192009
0.00192039
0.00192056
0.0019234
0.00192542
0.00192567
0.00192628
0.00192635
0.00192706
0.00192735
0.00192831
0.00192849
0.00193118
0.00193253
0.00193303
0.00193401
0.00193594
0.00193644
0.00193716
0.00193751
0.00193901
0.0019392
0.00193996
0.00194041
0.0019408
0.00194193
0.00194213
0.00194279
0.00194612
0.00194666
0.00194704
0.00194877
0.00194897
0.00194903
0.0019495
0.00194989
0.0019502
0.00195096
0.00195119
0.00195171
0.00195323
0.00195406
0.00195445
0.00195447
0.00195485
0.00195492
0.00195565
0.00195712
0.00195732
0.00195757
0.00195823
0.001959
0.00195926
0.00196018
0.00196104
0.00196216
0.00196349
0.00196356
0.00196481
0.00196586
0.00196659
0.00196679
0.0019671
0.00196727
0.00196786
0.00196902
0.00196935
0.00197209
0.00197249
0.00197282
0.00197285
0.00197387
0.00197461
0.00197535
0.00197612
0.00197641
0.00197656
0.0019767
0.00197717
0.00197724
0.00197821
0.00197838
0.00198032
0.00198042
0.00198235
0.00198474
0.00198505
0.0019861
0.00198635
0.00198672
0.00198809
0.00198895
0.00198962
0.001992
0.00199231
0.00199235
0.00199336
0.00199476
0.00199535
0.00199545
0.00199612
0.00199633
0.00199739
0.00199752
0.00199768
0.0019979
0.00200244
0.00200393
0.00200421
0.00200444
0.00200475
0.00200549
0.00200599
0.00200647
0.00200988
0.00201004
0.00201034
0.00201079
0.00201136
0.00201195
0.00201503
0.00201507
0.00201683
0.00201735
0.00201753
0.00201851
0.002019
0.00201975
0.00202036
0.00202124
0.00202143
0.0020233
0.00202347
0.00202385
0.00202487
0.0020253
0.00202663
0.00202722
0.00202728
0.00202861
0.00202929
0.00203049
0.00203081
0.00203143
0.00203172
0.0020318
0.00203237
0.00203332
0.00203372
0.00203622
0.00203652
0.00203886
0.00203932
0.00203962
0.00204002
0.00204021
0.00204202
0.00204279
0.00204499
0.00204536
0.00204722
0.00204761
0.00204842
0.00204874
0.00205154
0.00205251
0.00205262
0.00205355
0.00205374
0.00205427
0.00205517
0.00205583
0.00205593
0.00205707
0.00205711
0.00205761
0.00205878
0.00205969
0.00206073
0.00206117
0.00206162
0.0020627
0.00206296
0.00206347
0.00206575
0.00206576
0.00206595
0.00206634
0.00206687
0.00206745
0.00206763
0.00206843
0.00206888
0.00206954
0.0020718
0.00207283
0.00207362
0.00207458
0.00207754
0.00207758
0.00207849
0.00207913
0.00207925
0.00207965
0.0020802
0.00208029
0.00208234
0.00208304
0.00208314
0.00208331
0.00208366
0.00208468
0.0020867
0.00208722
0.0020875
0.00208754
0.00208757
0.00208772
0.00209011
0.00209274
0.00209605
0.00209674
0.00209713
0.00209717
0.00209929
0.00210056
0.00210384
0.00210528
0.00210647
0.00210651
0.00210819
0.00210841
0.00210944
0.00211025
0.0021116
0.00211182
0.00211244
0.00211377
0.00211378
0.00211673
0.0021168
0.00211693
0.00211846
0.00211976
0.00211986
0.00211987
0.00212069
0.00212097
0.00212156
0.00212161
0.0021224
0.00212277
0.00212733
0.00212976
0.00213062
0.00213356
0.00213511
0.00213613
0.00213899
0.00213941
0.0021401
0.00214242
0.00214427
0.00214461
0.00214564
0.00214638
0.00214662
0.00214708
0.00214715
0.00214716
0.00214763
0.00214834
0.00215473
0.00215687
0.00215746
0.00215886
0.00215989
0.00216176
0.00216279
0.00216356
0.00216403
0.00216454
0.00216749
0.00216758
0.00216771
0.00216929
0.0021706
0.00217094
0.0021712
0.00217148
0.00217164
0.00217177
0.00217246
0.00217281
0.00217314
0.00217434
0.00217523
0.00217565
0.00217575
0.00217588
0.00217667
0.00217689
0.00217692
0.00217693
0.00217741
0.0021785
0.00217885
0.00217904
0.00218149
0.00218271
0.00218344
0.00218365
0.00218461
0.00218723
0.00218738
0.00218872
0.00218886
0.00218911
0.00219049
0.00219053
0.00219098
0.00219218
0.00219224
0.00219337
0.0021935
0.00219398
0.00219405
0.00219415
0.00219456
0.00219606
0.00219674
0.00219723
0.00219743
0.0021975
0.00219789
0.00219886
0.00219889
0.00220068
0.00220146
0.00220228
0.00220337
0.0022035
0.00220385
0.00220425
0.00220457
0.00220598
0.0022061
0.00220748
0.00220825
0.00221155
0.0022116
0.00221218
0.00221271
0.00221321
0.0022135
0.00221359
0.00221361
0.00221432
0.00221447
0.00221468
0.00221486
0.002216
0.00221625
0.00221643
0.00221783
0.00221841
0.00221861
0.00222004
0.00222558
0.00222764
0.00222812
0.00222868
0.00222946
0.00222984
0.00223154
0.00223188
0.00223211
0.00223327
0.00223338
0.00223366
0.00223577
0.00223622
0.00223681
0.00223752
0.00223784
0.00224107
0.0022412
0.00224138
0.00224217
0.00224326
0.00224359
0.0022437
0.00224379
0.0022458
0.00224595
0.00224646
0.00224663
0.00224665
0.00224677
0.00224708
0.00224836
0.00224954
0.00224955
0.00225031
0.00225075
0.00225088
0.00225173
0.00225288
0.00225294
0.00225323
0.00225458
0.00225528
0.00225574
0.00225737
0.00225782
0.00225888
0.00225899
0.0022596
0.00226051
0.00226069
0.00226186
0.00226237
0.00226289
0.00226332
0.00226528
0.00226705
0.00226868
0.00226948
0.00227
0.00227049
0.00227075
0.00227099
0.00227148
0.00227184
0.00227187
0.00227204
0.00227212
0.00227374
0.00227394
0.0022761
0.00227639
0.0022766
0.00227698
0.0022773
0.00227915
0.00227928
0.00227942
0.00227994
0.00228038
0.00228056
0.00228147
0.00228148
0.00228163
0.00228275
0.00228278
0.00228396
0.00228452
0.00228561
0.00228567
0.00228636
0.00228705
0.00228821
0.00228825
0.00228943
0.00228975
0.00229173
0.00229191
0.00229197
0.0022924
0.00229305
0.00229324
0.00229432
0.00229563
0.00229567
0.002296
0.00229623
0.00229731
0.00229747
0.00229753
0.00229796
0.00229815
0.00229867
0.00229906
0.00229909
0.00229939
0.00229956
0.00230075
0.0023016
0.00230199
0.00230262
0.0023036
0.00230446
0.00230459
0.00230514
0.00230533
0.00230598
0.00230837
0.00230887
0.00230898
0.0023091
0.00231216
0.00231292
0.00231297
0.00231399
0.00231444
0.00231473
0.00231492
0.00231525
0.00231527
0.0023158
0.00231599
0.00231673
0.00231788
0.0023179
0.00231869
0.00231901
0.00231917
0.00232399
0.00232444
0.00232458
0.00232467
0.0023259
0.00232677
0.0023274
0.00232868
0.00232906
0.00232924
0.00232943
0.00232943
0.00232958
0.00233094
0.00233096
0.00233131
0.00233153
0.00233217
0.00233294
0.00233324
0.00233378
0.00233429
0.00233476
0.00233539
0.00233568
0.00233634
0.00233664
0.00233751
0.00233788
0.00233859
0.00234262
0.0023436
0.0023446
0.00234475
0.0023452
0.00234739
0.00234781
0.00234842
0.00234928
0.00234982
0.00234993
0.00235
0.00235063
0.00235071
0.0023512
0.00235288
0.00235356
0.00235416
0.00235532
0.00235886
0.00235888
0.00235908
0.00235934
0.00235961
0.00235984
0.00236052
0.00236156
0.00236206
0.00236212
0.00236222
0.00236544
0.00236561
0.00236669
0.00237037
0.00237082
0.002371
0.0023724
0.00237317
0.00237318
0.00237336
0.00237387
0.00237406
0.00237436
0.00237512
0.00237537
0.00237723
0.00237852
0.00237855
0.00237882
0.00238031
0.00238075
0.0023808
0.00238206
0.00238241
0.00238346
0.00238353
0.00238379
0.00238595
0.00238611
0.00238763
0.00238799
0.00238847
0.00238912
0.00238949
0.00239081
0.00239124
0.00239147
0.00239151
0.00239198
0.00239267
0.002393
0.00239335
0.00239335
0.00239349
0.00239401
0.0023952
0.00239923
0.00240016
0.00240089
0.00240094
0.00240142
0.00240456
0.00240481
0.00240667
0.00240676
0.0024071
0.00240741
0.00240744
0.00240936
0.00241137
0.00241148
0.00241187
0.00241263
0.00241289
0.00241508
0.00241587
0.00241657
0.00241776
0.0024181
0.00241813
0.00241872
0.00242022
0.00242061
0.00242093
0.00242136
0.00242136
0.00242154
0.00242313
0.00242371
0.002426
0.00242845
0.0024287
0.00242871
0.00242878
0.00242919
0.00242931
0.0024306
0.00243142
0.00243147
0.00243171
0.00243211
0.00243628
0.00243652
0.00243667
0.00243779
0.00243785
0.00244017
0.00244051
0.00244228
0.00244288
0.00244383
0.00244401
0.00244402
0.0024444
0.0024452
0.00244586
0.0024464
0.00244813
0.00244876
0.00244979
0.00244993
0.00245107
0.00245118
0.002453
0.00245354
0.00245597
0.00245659
0.00245676
0.00245686
0.00245696
0.00245802
0.00245874
0.00245915
0.00245946
0.00246132
0.0024624
0.00246262
0.00246315
0.00246344
0.00246359
0.00246537
0.0024654
0.00246564
0.00246578
0.00246667
0.00246819
0.00247005
0.00247013
0.00247073
0.00247253
0.00247336
0.00247478
0.00247585
0.00247681
0.00247696
0.00247813
0.00247854
0.00247971
0.00247991
0.0024817
0.00248175
0.00248178
0.00248204
0.00248284
0.0024843
0.00248468
0.00248485
0.00248612
0.00248706
0.00248719
0.00248749
0.00248758
0.0024877
0.00248794
0.00248807
0.00249055
0.00249141
0.00249252
0.00249282
0.00249354
0.00249582
0.00249614
0.00249623
0.00249686
0.00249783
0.00249786
0.00249955
0.0024997
0.00249975
0.00249986
0.00250114
0.00250139
0.00250151
0.00250214
0.00250232
0.00250353
0.00250359
0.00250526
0.00250561
0.00250575
0.0025058
0.00250638
0.002508
0.00250832
0.00250841
0.0025095
0.00250954
0.00250986
0.00251018
0.00251117
0.00251381
0.00251406
0.00251433
0.00251653
0.00251679
0.0025173
0.00251752
0.00251779
0.00251786
0.00251855
0.00251867
0.00252002
0.00252039
0.00252073
0.002522
0.00252262
0.00252472
0.00252487
0.00252508
0.00252548
0.00252642
0.00252653
0.00252749
0.00252811
0.00252872
0.00252911
0.00252974
0.00253008
0.0025302
0.00253061
0.00253105
0.00253109
0.00253164
0.00253256
0.0025338
0.00253429
0.00253508
0.00253533
0.00253544
0.00253623
0.00253687
0.00253692
0.00253736
0.00253743
0.00253772
0.00253776
0.00254008
0.00254083
0.00254135
0.00254241
0.00254258
0.00254475
0.00254499
0.00254543
0.00254591
0.00254649
0.00254699
0.00254813
0.00254973
0.00255046
0.00255082
0.00255132
0.00255169
0.00255184
0.00255208
0.00255276
0.00255369
0.00255435
0.00255538
0.00255788
0.00255811
0.00255813
0.00255836
0.00255864
0.00255866
0.00255948
0.00255962
0.00256025
0.00256163
0.00256258
0.00256386
0.00256435
0.00256528
0.00256534
0.00256865
0.00257077
0.00257109
0.00257139
0.00257227
0.00257341
0.00257464
0.00257669
0.00257874
0.00257982
0.00258095
0.00258143
0.00258229
0.00258235
0.00258417
0.0025843
0.00258449
0.00258518
0.0025854
0.0025858
0.00258588
0.00258638
0.00258649
0.00258668
0.00258698
0.00258994
0.00258998
0.002591
0.00259126
0.00259157
0.00259306
0.00259421
0.00259532
0.00259654
0.00259656
0.00259674
0.00259768
0.00259789
0.00259847
0.00259849
0.00259971
0.00259979
0.00260011
0.00260028
0.00260047
0.00260118
0.00260139
0.00260258
0.00260449
0.00260554
0.00260654
0.00260665
0.00260704
0.00260754
0.00260774
0.00260834
0.00261016
0.00261025
0.00261089
0.00261132
0.00261139
0.00261189
0.00261228
0.00261253
0.00261411
0.0026148
0.0026158
0.00261617
0.00261646
0.00261777
0.00261786
0.00261883
0.00262167
0.00262286
0.00262305
0.00262335
0.00262377
0.00262414
0.00262447
0.00262447
0.0026266
0.00262669
0.00262722
0.00262758
0.00262782
0.00262801
0.00262869
0.0026287
0.00262972
0.00263006
0.00263201
0.00263205
0.0026323
0.00263291
0.00263328
0.0026335
0.00263404
0.00263436
0.00263527
0.00263557
0.00263594
0.00263631
0.00263726
0.00263735
0.00263794
0.00263816
0.00263818
0.00263929
0.00263952
0.00264245
0.0026431
0.0026444
0.00264499
0.00264513
0.00264686
0.0026483
0.00264842
0.00264851
0.00265001
0.00265005
0.00265042
0.00265264
0.00265358
0.00265431
0.00265518
0.00265549
0.00265623
0.00265743
0.00265818
0.00265885
0.00265995
0.00266136
0.00266156
0.00266268
0.00266426
0.00266488
0.00266554
0.00266706
0.00266816
0.00266881
0.00266908
0.0026702
0.00267032
0.00267091
0.00267213
0.00267226
0.00267264
0.00267358
0.00267456
0.00267485
0.00267509
0.00267528
0.00267553
0.00267708
0.0026785
0.00267862
0.00267865
0.00267921
0.00268041
0.00268181
0.0026836
0.00268435
0.00268531
0.00268614
0.0026867
0.00268685
0.00268794
0.0026886
0.00268866
0.00268876
0.00268878
0.00268925
0.00269032
0.00269053
0.00269091
0.00269101
0.00269162
0.00269168
0.00269359
0.00269422
0.00269458
0.00269472
0.00269641
0.00269725
0.00269728
0.00269749
0.00269852
0.0026995
0.00270031
0.00270095
0.00270167
0.00270212
0.00270216
0.00270243
0.00270247
0.00270294
0.00270318
0.00270356
0.00270454
0.00270642
0.00270644
0.00270703
0.00270734
0.00270734
0.00270896
0.00270916
0.00271074
0.00271278
0.00271346
0.00271351
0.00271369
0.00271497
0.00271515
0.00271648
0.00271749
0.00271767
0.00271867
0.00271971
0.00272036
0.00272103
0.00272264
0.00272298
0.00272447
0.00272779
0.00272965
0.00273047
0.00273058
0.00273156
0.00273329
0.00273423
0.00273434
0.0027361
0.00273842
0.0027386
0.00273928
0.00273979
0.00274061
0.00274255
0.00274331
0.00274424
0.00274515
0.00274569
0.00274591
0.00274723
0.00274943
0.00274972
0.00275035
0.00275222
0.00275258
0.00275296
0.00275364
0.00275585
0.00275705
0.00275743
0.00275885
0.00275909
0.00276028
0.00276181
0.00276281
0.00276325
0.00276345
0.00276402
0.00276488
0.00276496
0.0027658
0.00276592
0.0027665
0.00276722
0.00276737
0.00276811
0.00276842
0.0027701
0.00277153
0.0027721
0.00277325
0.00277428
0.0027747
0.00277721
0.00277785
0.0027788
0.00277928
0.00277932
0.00277967
0.00278138
0.00278222
0.00278232
0.0027825
0.00278257
0.00278284
0.00278382
0.00278402
0.0027842
0.00278502
0.00278581
0.00278594
0.00278715
0.00278779
0.00278804
0.00279119
0.00279212
0.00279253
0.00279398
0.00279401
0.00279486
0.00279544
0.00279553
0.002796
0.002798
0.00279887
0.00279946
0.00280055
0.00280086
0.0028044
0.00280565
0.00280584
0.00280591
0.00280609
0.0028073
0.00280794
0.00280806
0.00281006
0.00281088
0.00281123
0.00281165
0.00281341
0.00281385
0.00281401
0.00281564
0.00281577
0.00281583
0.00281639
0.00281662
0.00281716
0.00281817
0.00281981
0.00282001
0.00282009
0.00282014
0.00282044
0.00282176
0.00282208
0.00282235
0.00282263
0.00282276
0.00282287
0.00282361
0.00282774
0.00282798
0.00282866
0.00283054
0.00283201
0.00283204
0.00283262
0.00283366
0.00283476
0.00283564
0.00283653
0.0028371
0.00283777
0.0028387
0.00284206
0.00284231
0.00284291
0.00284668
0.00284693
0.00284849
0.00284871
0.00285173
0.00285184
0.002852
0.00285284
0.00285454
0.00285474
0.00285648
0.0028586
0.00285928
0.00286213
0.00286232
0.00286249
0.00286354
0.00286355
0.00286371
0.00286449
0.00286504
0.00286633
0.00286675
0.00286743
0.00286743
0.00286974
0.00286983
0.00286989
0.00287048
0.00287094
0.00287128
0.00287203
0.00287252
0.00287259
0.00287281
0.00287434
0.00287484
0.00287517
0.00287577
0.0028768
0.0028778
0.0028798
0.00288021
0.00288076
0.00288152
0.00288215
0.00288269
0.00288329
0.00288375
0.0028839
0.00288453
0.00288468
0.00288675
0.00288704
0.00288724
0.00288968
0.00289008
0.00289091
0.00289098
0.00289134
0.00289209
0.00289333
0.00289506
0.00289778
0.00289784
0.00289785
0.002898
0.00289833
0.00290121
0.00290152
0.00290198
0.00290202
0.00290206
0.00290217
0.00290248
0.00290256
0.00290311
0.00290411
0.00290612
0.00290633
0.00290919
0.00290932
0.00291016
0.00291092
0.002912
0.00291266
0.00291437
0.00291484
0.00291529
0.00291592
0.00291618
0.00291725
0.00291739
0.00291767
0.00291796
0.00291799
0.00291821
0.00291932
0.00292175
0.00292199
0.00292327
0.00292335
0.00292628
0.00292855
0.00293208
0.00293209
0.00293247
0.00293323
0.00293396
0.0029349
0.00293504
0.00293571
0.00293619
0.0029362
0.00293623
0.00293789
0.00293824
0.00293902
0.00293926
0.00294041
0.00294057
0.00294237
0.00294312
0.00294339
0.00294449
0.00294458
0.00294471
0.00294575
0.00294673
0.00294691
0.00294726
0.00294788
0.00294851
0.00294901
0.00294941
0.00295104
0.0029528
0.00295326
0.00295419
0.00295506
0.00295589
0.00295625
0.00295647
0.00295742
0.00295811
0.00295902
0.00295937
0.00295986
0.00296087
0.00296238
0.00296586
0.00296689
0.00296757
0.00296984
0.00297051
0.00297173
0.00297254
0.00297389
0.00297614
0.00297875
0.00297889
0.00297998
0.00298036
0.0029806
0.0029807
0.00298074
0.00298097
0.0029813
0.00298249
0.00298408
0.0029845
0.00298548
0.00298623
0.00298998
0.00299036
0.0029909
0.002991
0.00299157
0.00299166
0.00299185
0.0029924
0.00299242
0.00299296
0.00299318
0.00299414
0.00299475
0.00299481
0.0029954
0.00299615
0.00299854
0.00300087
0.00300129
0.00300286
0.00300358
0.00300368
0.00300424
0.00300448
0.0030049
0.00300581
0.00300597
0.00300766
0.00300835
0.00300902
0.00301005
0.0030124
0.00301289
0.00301291
0.00301385
0.00301461
0.00301851
0.00301888
0.00302021
0.00302041
0.00302252
0.00302368
0.00302467
0.00302609
0.00302622
0.00302725
0.00302957
0.00302983
0.0030306
0.00303082
0.00303167
0.00303182
0.00303311
0.00303383
0.00303417
0.00303442
0.00303475
0.00303645
0.0030367
0.00303771
0.00303874
0.00303895
0.00304028
0.0030416
0.00304283
0.00304345
0.00304435
0.00304454
0.00304533
0.00304543
0.0030456
0.003048
0.00304816
0.00304895
0.00305274
0.00305292
0.00305361
0.00305366
0.00305381
0.00305654
0.00305681
0.00305821
0.00305829
0.00305829
0.00305848
0.00305855
0.00305928
0.00306024
0.00306126
0.00306207
0.00306309
0.0030631
0.00306528
0.00306707
0.00306877
0.00306918
0.0030695
0.00307095
0.00307113
0.00307398
0.00307421
0.00307454
0.00307457
0.00307477
0.00307569
0.003078
0.00307891
0.00308088
0.00308204
0.00308233
0.00308267
0.00308559
0.00308617
0.00308731
0.00308867
0.00308868
0.00308872
0.00309308
0.00309496
0.00309512
0.00309541
0.00309558
0.00309588
0.00309726
0.00309767
0.0030997
0.00310143
0.00310373
0.00310382
0.00310514
0.00310646
0.00310744
0.00310814
0.00310828
0.00310871
0.00310903
0.00311142
0.00311213
0.00311218
0.00311296
0.00311353
0.00311448
0.00311523
0.00311598
0.00311664
0.00311869
0.0031204
0.00312237
0.00312256
0.0031241
0.00312489
0.00312616
0.00312668
0.00312928
0.00312953
0.00312958
0.00312975
0.00313002
0.00313017
0.0031321
0.00313442
0.00313641
0.00313694
0.0031376
0.00313806
0.00313905
0.00314054
0.00314189
0.00314234
0.00314243
0.00314397
0.00314453
0.00314506
0.00314629
0.00314792
0.00314825
0.00314907
0.00314945
0.0031505
0.00315138
0.00315204
0.00315245
0.00315389
0.00315407
0.00315498
0.00315528
0.00315536
0.00315773
0.0031579
0.00315805
0.00315855
0.0031589
0.00315934
0.00315961
0.00316294
0.00316297
0.0031635
0.00316415
0.00316416
0.00316549
0.00316634
0.00316732
0.00316927
0.0031719
0.00317338
0.00317346
0.00317347
0.00317401
0.00317485
0.00317605
0.00317918
0.00318082
0.00318115
0.00318152
0.00318203
0.00318218
0.00318261
0.00318379
0.00318395
0.00318424
0.00318509
0.0031852
0.00318528
0.00318568
0.00318627
0.00318656
0.00318729
0.00318754
0.00318832
0.00318914
0.0031893
0.00319071
0.00319496
0.00319525
0.00319608
0.00319764
0.00319774
0.00319833
0.00319838
0.00319856
0.00319939
0.00319979
0.00320006
0.00320021
0.00320041
0.00320243
0.00320245
0.00320418
0.00320449
0.00320561
0.00320584
0.00320618
0.00320666
0.00320736
0.00320767
0.00320769
0.0032081
0.00320814
0.00320845
0.00320851
0.00320864
0.00321032
0.00321193
0.00321285
0.00321503
0.003216
0.00321906
0.00322186
0.00322206
0.00322392
0.00322447
0.00322452
0.00322539
0.00322915
0.0032298
0.0032298
0.0032305
0.00323074
0.00323413
0.00323458
0.00323517
0.00323597
0.003236
0.00323798
0.00323856
0.00323952
0.00324164
0.00324275
0.00324348
0.00324626
0.00324637
0.00324644
0.00324738
0.00324789
0.00324835
0.00325039
0.00325045
0.00325048
0.00325352
0.00325418
0.00325439
0.00325495
0.00325706
0.00325731
0.0032577
0.0032601
0.0032619
0.00326194
0.00326267
0.00326396
0.00326493
0.00326708
0.00326708
0.00326708
0.0032696
0.00326982
0.0032716
0.00327457
0.00327486
0.00327623
0.00327704
0.00327733
0.00327804
0.00327826
0.00327858
0.00327886
0.00328144
0.00328151
0.00328172
0.00328356
0.00328369
0.00328418
0.00328466
0.00328509
0.003286
0.00328656
0.00328673
0.00328741
0.00328968
0.00329224
0.00329461
0.00329545
0.00329802
0.00329824
0.00329846
0.003299
0.00329922
0.00330049
0.00330074
0.00330078
0.00330172
0.00330187
0.00330191
0.00330427
0.00330479
0.00330497
0.00330579
0.00330589
0.00330701
0.00331073
0.00331148
0.00331156
0.00331239
0.00331341
0.00331531
0.00331619
0.00331686
0.00331715
0.00331782
0.00331839
0.0033209
0.00332173
0.00332236
0.00332241
0.00332375
0.00332399
0.00332536
0.00332687
0.00332697
0.00332751
0.0033286
0.00332873
0.00332956
0.00332988
0.00332997
0.00333198
0.00333212
0.00333236
0.0033325
0.0033331
0.00333337
0.00333374
0.00333438
0.00333606
0.00333662
0.0033373
0.00333766
0.00333841
0.00333877
0.00333989
0.0033428
0.0033439
0.00334439
0.00334444
0.00334524
0.00334538
0.00334577
0.00334641
0.00334654
0.00334971
0.00334975
0.0033499
0.00335046
0.00335111
0.0033546
0.0033568
0.0033571
0.00335804
0.00335845
0.00336035
0.00336122
0.00336132
0.00336183
0.00336311
0.00336413
0.00336475
0.00336597
0.00336756
0.00336826
0.00336849
0.00336875
0.00336877
0.0033695
0.00337137
0.00337154
0.00337337
0.0033734
0.00337352
0.00337474
0.00337485
0.00337628
0.00337704
0.00337845
0.00337889
0.00337987
0.00338032
0.00338063
0.00338168
0.00338359
0.00338377
0.00338473
0.00338614
0.00338694
0.00338828
0.00338911
0.0033895
0.00339264
0.00339515
0.00339603
0.00339608
0.00339642
0.00339655
0.00339657
0.0033969
0.00339701
0.00339815
0.00339881
0.00339889
0.00340172
0.00340223
0.00340279
0.00340366
0.00340843
0.00341219
0.00341276
0.00341343
0.00341601
0.00341629
0.00341691
0.0034173
0.00341763
0.00341817
0.00341992
0.00342227
0.00342247
0.00342258
0.00342461
0.00342498
0.00342571
0.00342742
0.00342837
0.00342845
0.00342913
0.00342994
0.00343243
0.00343421
0.00343544
0.00343569
0.00343793
0.00343905
0.00344057
0.00344127
0.00344168
0.00344211
0.00344363
0.00344385
0.00344411
0.0034443
0.00344612
0.00344724
0.0034473
0.00344737
0.00344832
0.00345031
0.00345052
0.00345063
0.00345191
0.00345239
0.0034532
0.00345333
0.00345406
0.00345444
0.00345562
0.00345599
0.00345607
0.00345669
0.00345679
0.00345698
0.003458
0.00345801
0.00345857
0.00345891
0.00346013
0.00346189
0.00346258
0.00346486
0.00346757
0.00346773
0.00346917
0.00346921
0.00346983
0.00346986
0.00347015
0.00347196
0.00347292
0.00347297
0.00347396
0.00347562
0.00347639
0.00347682
0.00347849
0.00347907
0.00348207
0.00348273
0.00348291
0.00348305
0.00348348
0.00348509
0.00348613
0.0034873
0.0034874
0.00348763
0.00348911
0.00348934
0.00348961
0.00348975
0.00349142
0.00349151
0.00349362
0.0034942
0.00349486
0.00349489
0.00349536
0.00349536
0.0034955
0.00349606
0.00349653
0.00349695
0.00349768
0.00349804
0.00349897
0.00350055
0.00350056
0.00350322
0.00350414
0.00350425
0.00350435
0.00350649
0.00350941
0.00350944
0.00350959
0.00351083
0.00351093
0.00351349
0.00351425
0.00351499
0.00351641
0.00351666
0.00351691
0.00351727
0.00351922
0.00352023
0.00352102
0.00352114
0.0035222
0.00352231
0.00352235
0.00352242
0.00352304
0.00352357
0.00352478
0.00352488
0.00352562
0.00352981
0.00353081
0.00353191
0.00353276
0.00353376
0.00353469
0.00353591
0.00353758
0.00353796
0.00353908
0.00353912
0.00354168
0.00354323
0.00354363
0.00354495
0.00354641
0.00354673
0.00354691
0.00354763
0.00354879
0.00355076
0.0035515
0.00355171
0.00355242
0.00355367
0.00355459
0.0035559
0.00355593
0.00355605
0.00355711
0.00355773
0.00355796
0.00355928
0.00355977
0.00356057
0.00356118
0.00356137
0.00356344
0.00356372
0.00356428
0.00356592
0.0035666
0.0035672
0.00356776
0.00356778
0.00356926
0.00357037
0.0035712
0.00357131
0.00357136
0.00357253
0.0035727
0.00357387
0.00357453
0.00357478
0.00357507
0.00357629
0.00357647
0.0035776
0.00357763
0.00357785
0.00357861
0.00357977
0.00358011
0.00358049
0.00358122
0.00358392
0.00358392
0.00358416
0.00358515
0.00358542
0.00358542
0.00359051
0.00359101
0.00359151
0.00359265
0.0035932
0.00359347
0.00359477
0.00359813
0.00359851
0.00359855
0.00360044
0.00360067
0.00360086
0.00360136
0.00360201
0.00360224
0.00360352
0.00360413
0.0036045
0.0036047
0.00360531
0.00360797
0.00360881
0.00360913
0.00361038
0.00361048
0.0036108
0.00361202
0.0036146
0.00361826
0.00361891
0.00361982
0.00362015
0.00362111
0.00362134
0.00362493
0.0036276
0.00362849
0.00363206
0.00363211
0.00363276
0.00363307
0.00363326
0.0036338
0.00363496
0.00363508
0.00363772
0.00363874
0.00363935
0.00364311
0.00364444
0.00364481
0.00364594
0.00364676
0.00364697
0.00364741
0.00364868
0.00364958
0.00364998
0.00365067
0.00365219
0.00365339
0.00365344
0.00365472
0.00365794
0.00365857
0.00365965
0.00365969
0.00365978
0.0036626
0.0036644
0.00366498
0.00366541
0.00366588
0.00366624
0.00366707
0.00366728
0.00366752
0.00366834
0.00366898
0.00366999
0.0036713
0.00367216
0.0036723
0.00367239
0.00367285
0.00367318
0.00367526
0.00367533
0.00367603
0.00367614
0.00367731
0.00367766
0.00367775
0.00367923
0.00368009
0.00368368
0.00368402
0.00368595
0.00368696
0.00368774
0.00368775
0.00368787
0.00368967
0.00369181
0.00369251
0.00369299
0.00369478
0.00369525
0.00369621
0.00370093
0.0037017
0.00370229
0.00370242
0.00370285
0.0037048
0.00370584
0.00370655
0.00370658
0.00370869
0.00370937
0.00371098
0.00371355
0.00371532
0.003716
0.00371619
0.00371737
0.00371837
0.0037188
0.00372096
0.00372115
0.00372172
0.0037229
0.00372343
0.00372442
0.00372554
0.00372556
0.00372655
0.00373001
0.00373123
0.00373231
0.00373246
0.00373265
0.00373315
0.00373316
0.00373363
0.00373423
0.00373496
0.00373641
0.0037367
0.00373766
0.00373809
0.00373907
0.00373978
0.00374159
0.00374207
0.00374227
0.0037423
0.00374484
0.00374558
0.00374688
0.00374756
0.00374774
0.00374832
0.00375048
0.00375049
0.00375065
0.00375127
0.00375149
0.00375413
0.00375423
0.00375582
0.00375641
0.00375662
0.00375703
0.00375801
0.00375979
0.00376015
0.00376053
0.00376117
0.00376263
0.00376376
0.00376504
0.00376652
0.00376691
0.00377099
0.00377279
0.0037733
0.00377364
0.00377482
0.00377534
0.00377607
0.00377689
0.0037771
0.00377813
0.00377831
0.00377957
0.00378074
0.00378171
0.00378221
0.00378297
0.00378482
0.00378511
0.00378589
0.00378611
0.00378655
0.00378738
0.00378847
0.00379203
0.00379232
0.00379342
0.00379416
0.00379461
0.00379478
0.00380208
0.00380267
0.00380301
0.00380392
0.00380602
0.00380729
0.0038079
0.00380843
0.00380981
0.00380988
0.00381007
0.00381047
0.00381093
0.00381124
0.00381584
0.0038161
0.00381613
0.00381663
0.00381967
0.00382106
0.00382198
0.00382301
0.00382493
0.00382539
0.0038258
0.00382892
0.00383019
0.00383077
0.0038315
0.00383383
0.00383448
0.0038345
0.00383465
0.00384063
0.00384099
0.00384223
0.00384608
0.0038462
0.00384711
0.00384993
0.00385236
0.00385415
0.00385469
0.00385727
0.00385751
0.00386185
0.00386188
0.00386256
0.00386317
0.00386378
0.00386389
0.00386541
0.00386542
0.00386668
0.00386713
0.00386765
0.00386919
0.00386952
0.00386954
0.00387305
0.00387336
0.00387347
0.00387395
0.00387675
0.00387766
0.00387874
0.00388161
0.00388176
0.00388209
0.00388278
0.00388518
0.00388643
0.00388816
0.00388819
0.0038899
0.00389083
0.0038913
0.00389186
0.00389236
0.00389286
0.00389477
0.00389481
0.00389634
0.00389704
0.00389744
0.0038984
0.00389883
0.0039004
0.00390621
0.00390621
0.00390627
0.00390635
0.00390665
0.00390935
0.00391049
0.00391083
0.00391197
0.00391597
0.00391677
0.00391777
0.00391817
0.0039185
0.00391883
0.0039195
0.00392105
0.00392114
0.00392169
0.00392171
0.00392227
0.00392346
0.00392349
0.00392468
0.00392604
0.00392838
0.00393017
0.00393143
0.00393341
0.00393405
0.00393416
0.00393582
0.00393588
0.00394252
0.00394288
0.00394497
0.00394701
0.00394777
0.00394891
0.003949
0.00395406
0.00395441
0.00395444
0.00395519
0.00395584
0.00395604
0.00395629
0.00395703
0.00395837
0.00396057
0.00396103
0.00396337
0.00396358
0.00396822
0.00396884
0.0039689
0.00396931
0.00396978
0.00397255
0.00397423
0.00397441
0.00398129
0.00398131
0.00398385
0.0039848
0.0039881
0.00398879
0.00398991
0.00399079
0.00399267
0.00399426
0.00399564
0.00399713
0.003998
0.00399917
0.00400018
0.00400137
0.00400181
0.00400252
0.00400702
0.00400952
0.00400986
0.00400992
0.00401141
0.00401202
0.00401448
0.00401451
0.00401771
0.0040178
0.00401794
0.00401806
0.00401835
0.00402104
0.00402485
0.00402593
0.00402734
0.0040274
0.00402878
0.00402891
0.00402961
0.0040303
0.00403065
0.00403065
0.00403202
0.00403293
0.00403607
0.00403767
0.00403944
0.00404168
0.00404259
0.00404352
0.00404623
0.00405085
0.00405336
0.00405508
0.00405689
0.00405959
0.00406275
0.00406329
0.00406373
0.00406453
0.00406468
0.00406643
0.00406677
0.00406697
0.00406748
0.00406852
0.00407065
0.00407235
0.00407287
0.00407392
0.00408072
0.00408145
0.00408255
0.00408343
0.0040848
0.00408643
0.0040867
0.00408802
0.00409
0.00409039
0.00409183
0.00409289
0.0040936
0.00409393
0.004095
0.00409663
0.00409732
0.00410242
0.00410311
0.00410331
0.0041038
0.00410864
0.00410878
0.00410913
0.0041097
0.00411411
0.00411895
0.00412002
0.00412021
0.0041224
0.00412521
0.00412522
0.00412569
0.00412727
0.00413042
0.00413755
0.00413796
0.00413897
0.00413928
0.0041404
0.0041407
0.00414212
0.00414373
0.00414576
0.00414582
0.00414667
0.00414756
0.0041476
0.00414819
0.00414827
0.00414871
0.00414891
0.00414964
0.00414986
0.00415031
0.00415055
0.0041521
0.00415286
0.00415375
0.0041544
0.00415462
0.00415531
0.0041571
0.00415733
0.0041596
0.0041631
0.00416424
0.00416635
0.00416664
0.00416676
0.00416754
0.00416769
0.0041731
0.00417389
0.00417481
0.00417569
0.00417816
0.00417983
0.00418002
0.00418003
0.00418119
0.00418183
0.00418446
0.00419075
0.00419686
0.0041969
0.00419777
0.00420407
0.00420419
0.00420426
0.00420482
0.00420605
0.0042072
0.0042103
0.0042121
0.0042193
0.00421961
0.00422164
0.00422295
0.00422361
0.00422973
0.00423114
0.00423136
0.00423193
0.00423288
0.0042356
0.00424068
0.00424432
0.00424441
0.00424663
0.00424757
0.00424794
0.00425041
0.00425143
0.00425319
0.00425443
0.00425478
0.00425899
0.00426
0.00426063
0.00426234
0.00426311
0.00426641
0.00426663
0.00426931
0.00427296
0.00427307
0.00427364
0.00427437
0.00428915
0.00429534
0.00429706
0.0042976
0.00430293
0.00430492
0.00430532
0.00430659
0.00430773
0.00430828
0.00430962
0.00431187
0.00431261
0.00431268
0.00431352
0.0043156
0.00431749
0.00431799
0.00432067
0.00432099
0.00432296
0.00432393
0.00432699
0.004327
0.0043283
0.00432941
0.00432961
0.00433298
0.00433321
0.00433371
0.00433446
0.00433742
0.00433762
0.00433772
0.00433819
0.00433934
0.00434138
0.00434656
0.00434737
0.00434906
0.00435088
0.00435566
0.00436183
0.00436315
0.00436444
0.00436451
0.00436502
0.00436848
0.00436896
0.00437164
0.0043755
0.0043761
0.0043778
0.00437822
0.00438402
0.0043849
0.00438529
0.0043862
0.00438802
0.00438863
0.00439055
0.00439263
0.00439404
0.00439422
0.00440396
0.0044061
0.00440647
0.0044072
0.0044088
0.0044099
0.0044172
0.00441865
0.00441978
0.0044234
0.00442409
0.00442758
0.00443271
0.00443369
0.00443379
0.00443463
0.00443639
0.00443745
0.00443933
0.00444038
0.00444744
0.0044486
0.00445009
0.00445012
0.00446318
0.00447683
0.00447955
0.00448183
0.00448849
0.00448951
0.00448985
0.0044938
0.00449859
0.00450487
0.0045061
0.00450731
0.00450776
0.00451018
0.00451127
0.00452016
0.0045274
0.00452964
0.00453174
0.00453358
0.00453447
0.00453773
0.00454001
0.00454474
0.00454481
0.0045458
0.00454588
0.00454645
0.00454752
0.00454755
0.00456211
0.00456294
0.00456383
0.00456742
0.0045689
0.00456956
0.004572
0.00457293
0.00457968
0.00458062
0.00458731
0.00459061
0.00459306
0.00459697
0.00460096
0.00460439
0.00460949
0.00461106
0.0046111
0.00461604
0.00461604
0.00461722
0.00461769
0.00461969
0.00462001
0.00462012
0.00462269
0.00462526
0.00463023
0.00463292
0.00463525
0.0046384
0.00464001
0.00464049
0.00464225
0.00464283
0.00464589
0.00464667
0.00464688
0.00464859
0.00464958
0.00465016
0.00465177
0.00465247
0.00465259
0.00465559
0.00465768
0.00466018
0.0046623
0.00466546
0.0046678
0.00466985
0.00467075
0.00467227
0.00467463
0.00467559
0.00467702
0.00468106
0.004684
0.00468496
0.00468645
0.00468749
0.00468773
0.00469162
0.00469628
0.00470013
0.00470709
0.0047087
0.00470923
0.00471101
0.00471125
0.0047128
0.00471542
0.00471597
0.00471938
0.00472155
0.00472156
0.00472799
0.00472878
0.00472901
0.00473198
0.00473404
0.00473608
0.00473761
0.004739
0.00474145
0.00474181
0.00474292
0.00474764
0.00474973
0.00475072
0.00475367
0.00475526
0.00475765
0.00476126
0.00476454
0.00476668
0.00476687
0.00477472
0.00477701
0.00477883
0.00478297
0.00478602
0.00478934
0.00479139
0.00479685
0.00479791
0.00480261
0.00480521
0.00480745
0.00480855
0.00480985
0.00481239
0.00481753
0.00482262
0.00482349
0.00482576
0.00482722
0.0048306
0.00483238
0.00483857
0.00484147
0.00484476
0.00484563
0.00485439
0.00486043
0.00486574
0.00486647
0.00486823
0.00487411
0.00487568
0.00487771
0.00488245
0.00488544
0.0048862
0.00488759
0.00489066
0.00489094
0.00489152
0.0048934
0.00489376
0.00489475
0.00490203
0.00490373
0.00490573
0.00491226
0.0049125
0.00491681
0.00491767
0.00491794
0.00491874
0.00492207
0.00492447
0.00492535
0.00492984
0.00493462
0.00493633
0.00493811
0.00494147
0.0049447
0.00494582
0.00494591
0.0049466
0.00495006
0.00495358
0.00495726
0.00496163
0.00496806
0.00496961
0.00497499
0.00497785
0.0049785
0.00498506
0.00498718
0.00498732
0.00499051
0.00501285
0.00501287
0.00501304
0.00501977
0.00502177
0.0050251
0.00502633
0.00503047
0.00503289
0.00503882
0.00504101
0.00504471
0.0050448
0.0050503
0.00505187
0.00506337
0.00506398
0.00507292
0.00507771
0.00507911
0.00509593
0.00509971
0.00511038
0.00511098
0.00511669
0.00511969
0.0051209
0.0051223
0.00512536
0.00512926
0.00513049
0.00514347
0.00514397
0.00514511
0.00514697
0.00515651
0.00515711
0.00515863
0.00516115
0.00516359
0.00516689
0.00516715
0.00516926
0.00517358
0.00517445
0.00517745
0.00517877
0.00518105
0.00519154
0.00519284
0.00519305
0.00519553
0.00519681
0.00519923
0.00520167
0.00520287
0.00521257
0.00521388
0.00521461
0.00521839
0.00522259
0.00522261
0.0052244
0.00523037
0.00523621
0.00523692
0.00523791
0.00523943
0.00524199
0.00524226
0.00525343
0.00525405
0.00525714
0.00526676
0.00527145
0.00527218
0.00527285
0.00528405
0.00529966
0.00530145
0.0053017
0.00530175
0.00530232
0.00530434
0.00530642
0.00532
0.00532231
0.00533239
0.00533812
0.00534295
0.0053448
0.00534557
0.00534901
0.00535766
0.00537267
0.00537442
0.00537608
0.00537763
0.00538103
0.00538453
0.00538831
0.00539439
0.0053947
0.00539582
0.00540122
0.00541409
0.00542227
0.00542302
0.00542374
0.00542543
0.00542756
0.00543005
0.00544168
0.0054422
0.00544664
0.00544838
0.00546093
0.00547699
0.00548085
0.00548298
0.005495
0.0054961
0.00549916
0.005502
0.00550967
0.00551057
0.00551643
0.00551954
0.00554123
0.00555921
0.00556646
0.00556665
0.0055709
0.00557363
0.00557501
0.00558023
0.0055857
0.0055881
0.00558956
0.00559604
0.00559755
0.00560063
0.00560233
0.00562471
0.0056276
0.00563189
0.00564593
0.00565288
0.0056655
0.00566614
0.00567157
0.00567979
0.00568472
0.00568517
0.0056896
0.00569075
0.00569179
0.00569688
0.00569905
0.00570001
0.00570573
0.00570609
0.00571726
0.00572093
0.00573369
0.00573615
0.00574353
0.00574754
0.0057491
0.00576918
0.00576929
0.00577826
0.0057873
0.005789
0.00578927
0.00579222
0.00579602
0.00579634
0.00580432
0.00580989
0.00581788
0.00582087
0.00582937
0.00583438
0.00584088
0.00584458
0.00584524
0.00584943
0.00585936
0.00586333
0.00586585
0.00587353
0.00587366
0.00588437
0.00588907
0.00589233
0.00590455
0.00590581
0.00590892
0.00591192
0.00591501
0.00591903
0.00592889
0.00594613
0.00594957
0.00595619
0.00595756
0.00596538
0.0059708
0.00597294
0.00597367
0.00598194
0.00599611
0.00599699
0.00599779
0.00599787
0.0060016
0.0060153
0.00601973
0.00602411
0.00602435
0.00603303
0.0060559
0.00605717
0.00606579
0.00607688
0.00609163
0.00609817
0.00612402
0.00613064
0.00613366
0.00613573
0.00614588
0.00616722
0.00616917
0.006172
0.00618204
0.00619787
0.00621412
0.00626485
0.00626772
0.0062761
0.00630667
0.00631482
0.00631867
0.00631953
0.00632693
0.00632886
0.00633111
0.00633577
0.00634008
0.00634026
0.00635553
0.00636191
0.00636529
0.0063664
0.00636793
0.00639482
0.00639619
0.00639928
0.00642015
0.00642773
0.00643177
0.00643258
0.00643436
0.00643472
0.00643596
0.00645939
0.00647006
0.0064819
0.0064997
0.00650057
0.00652513
0.00653119
0.00654163
0.0065511
0.00656479
0.00656658
0.0065859
0.00658874
0.00659827
0.00659907
0.00660594
0.00660602
0.00661623
0.00662604
0.00667258
0.00667978
0.00669096
0.00672045
0.00672634
0.0067453
0.00674718
0.0067484
0.00675358
0.00675771
0.00676021
0.0067614
0.00676255
0.00676974
0.00677651
0.00677719
0.00678914
0.00680514
0.00680901
0.00681352
0.00683066
0.00683541
0.00683575
0.00683651
0.00684095
0.00684833
0.00685043
0.00687472
0.00688096
0.0069376
0.00695933
0.00696024
0.00696305
0.00697441
0.00697645
0.00697751
0.00698798
0.00699147
0.00699304
0.00705089
0.00705611
0.00706018
0.00707012
0.00709046
0.00709366
0.0071329
0.00714195
0.00714637
0.00722275
0.00723635
0.00724315
0.00728496
0.00729528
0.00729827
0.00730122
0.0073088
0.00732278
0.00734165
0.00734663
0.00735068
0.00735194
0.00736558
0.00739499
0.00740937
0.00744878
0.00745257
0.00747346
0.00748643
0.00748936
0.00749201
0.00751416
0.00752935
0.00753321
0.00762218
0.00763992
0.00765237
0.00765283
0.00769556
0.0076996
0.00771806
0.00774057
0.00776641
0.00777676
0.00778586
0.00780365
0.00780619
0.00781756
0.00781965
0.00783906
0.00785243
0.00787702
0.00788069
0.00789817
0.00791024
0.00791279
0.00791854
0.00797299
0.00797383
0.00798211
0.00798537
0.00799979
0.00801384
0.00802279
0.00805671
0.00812656
0.00814183
0.00818701
0.0081953
0.00820297
0.0082167
0.0082554
0.00835838
0.0083626
0.00836418
0.00839172
0.00841634
0.0084465
0.0084701
0.00852555
0.00852937
0.00855081
0.0086358
0.00864607
0.00864986
0.00869549
0.0087223
0.00875983
0.00876916
0.00879398
0.00881245
0.00890648
0.0089091
0.00892218
0.00895374
0.00895642
0.00896172
0.00896514
0.00901104
0.00907528
0.0090781
0.00910745
0.00911829
0.00915239
0.00916256
0.00916349
0.00923727
0.00926939
0.00931494
0.0093268
0.00935012
0.00935171
0.00938177
0.00942098
0.00942263
0.00944106
0.00953609
0.00953694
0.00962367
0.00970841
0.00975556
0.0100569
0.0100633
0.01009
0.0101083
0.0101793
0.0102118
0.0102167
0.0102243
0.0102395
0.0102864
0.0102949
0.0103905
0.0103907
0.0104164
0.0104623
0.010465
0.0104714
0.0105351
0.0105355
0.010542
0.0105753
0.0106331
0.0106452
0.0107069
0.010727
0.0107889
0.0108018
0.0109082
0.0109335
0.0109697
0.0109816
0.0110141
0.0110299
0.0110338
0.0111752
0.0112045
0.011262
0.0112673
0.0113968
0.0114305
0.0115067
0.0115499
0.0115818
0.0116222
0.0116867
0.0116887
0.0116958
0.0117188
0.0117197
0.011817
0.0118778
0.0118959
0.0119459
0.0119527
0.0119552
0.0120309
0.0120377
0.0120379
0.0120559
0.0120953
0.0121367
0.0121376
0.0121671
0.0122292
0.0122503
0.0122586
0.0122819
0.012442
0.0125347
0.0126039
0.0126211
0.0127046
0.0128109
0.0128146
0.0130826
0.0130922
0.0131174
0.013121
0.0131832
0.0132161
0.0132192
0.0132344
0.0132864
0.0132956
0.0133466
0.0133782
0.0133829
0.0133958
0.0134259
0.0134288
0.0134916
0.013518
0.0135564
0.0136069
0.0136811
0.0137245
0.0137329
0.0137565
0.0138232
0.0140568
0.0140834
0.0140915
0.0141004
0.0141183
0.0141587
0.014205
0.0143063
0.0143234
0.0143302
0.0143869
0.0143927
0.0144989
0.0145404
0.014645
0.0146858
0.014748
0.0147712
0.0149461
0.0149486
0.014983
0.0149861
0.0149949
0.0150856
0.0151101
0.0151235
0.0151683
0.0152524
0.0153382
0.0153394
0.015372
0.0154601
0.0154859
0.0155322
0.0155754
0.0157221
0.0157823
0.0158108
0.0158319
0.0158474
0.0158567
0.0159177
0.015956
0.0159863
0.0160244
0.0160808
0.0164354
0.0164622
0.0164838
0.0165211
0.0165961
0.0166686
0.0166757
0.0168964
0.0169261
0.0169282
0.0171402
0.017144
0.0171769
0.017206
0.0172136
0.0172438
0.0173174
0.0173554
0.0174213
0.0174853
0.0175211
0.0175279
0.0175445
0.0175967
0.0176009
0.0176097
0.0176758
0.017771
0.0178772
0.0179467
0.0179917
0.0180132
0.0180196
0.0180481
0.0181747
0.0181775
0.0181814
0.018216
0.0182229
0.0182835
0.0183228
0.0183625
0.0183772
0.0184087
0.0184384
0.0184814
0.0185959
0.0186003
0.0186446
0.0186767
0.0187171
0.0188774
0.0190225
0.0190432
0.0191246
0.0191319
0.0191669
0.0192282
0.0193512
0.0197377
0.0197811
0.0198945
0.0199544
0.0199616
0.0200316
0.0200319
0.0200912
0.0202148
0.0203618
0.0203819
0.0203988
0.0204676
0.0204835
0.0206657
0.0207075
0.0207308
0.0207454
0.0208416
0.0208497
0.0208505
0.0209827
0.0210218
0.0211639
0.0211721
0.0212872
0.0212953
0.0213835
0.0214189
0.0214346
0.0214819
0.0215451
0.0215819
0.021627
0.0216764
0.0217898
0.0218054
0.0218884
0.0220601
0.022544
0.0226209
0.0229051
0.0229052
0.0229819
0.0230749
0.0232572
0.0232737
0.0233603
0.0233763
0.0233994
0.023485
0.0234856
0.0235612
0.0236735
0.0236927
0.023706
0.0237078
0.0238778
0.0241578
0.024472
0.0246366
0.0246835
0.0247969
0.0248346
0.0249648
0.0250188
0.0251098
0.0251224
0.0252057
0.025538
0.0255584
0.025649
0.025702
0.0257282
0.0257763
0.0258202
0.0258502
0.0258557
0.0260016
0.0260601
0.0261434
0.0263664
0.0263794
0.0264244
0.0264354
0.0266243
0.0266568
0.0268341
0.0268757
0.0271073
0.0271199
0.0272846
0.0273575
0.0274017
0.0274782
0.027759
0.0277678
0.0277773
0.0279654
0.0280832
0.028419
0.0286708
0.0288959
0.0295172
0.0295262
0.0298911
0.0299773
0.0303878
0.0309358
0.0309373
0.0309978
0.03111
0.0311915
0.0314474
0.0314504
0.0317597
0.0318835
0.032089
0.0321311
0.0324395
0.0329139
0.0330319
0.0331885
0.0336603
0.0338966
0.0340517
0.034209
0.0343426
0.0346606
0.0354615
0.0354856
0.0355878
0.0360178
0.036133
0.0362684
0.0365517
0.0373087
0.0373092
0.0375426
0.0376845
0.0378441
0.0378866
0.0382297
0.0384311
0.0385031
0.0385077
0.0385107
0.0385209
0.0385282
0.0387519
0.0387564
0.0391856
0.0399644
0.0401874
0.0402937
0.0409428
0.0415139
0.0416288
0.0428257
0.0434546
0.0439585
0.0440054
0.0441164
0.0450362
0.045707
0.0461285
0.0466961
0.0469486
0.0473827
0.0491244
0.0494849
0.0501257
0.0503609
0.0505794
0.0510065
0.0510922
0.0520187
0.0534169
0.0535789
0.0540748
0.0546969
0.0549757
0.0557401
0.0560195
0.0583383
0.0585083
0.0587583
0.0597323
0.0599718
0.0675142
0.0803554
0.0805272
0.118154
0.131718
0.449518
0.449801
0.449943
0.450353
0.451808
0.467228
0.481375
0.484763
0.493811
0.495302
0.496811
0.498936
0.504834
0.506185
0.525472
0.547648
0.572764
0.593493
0.598843
0.610402
0.627422
0.638256
0.654799
0.655409
0.659246
0.674134
0.6941
0.732742
0.759633
0.769644
0.776382
0.920401
1.09675
1.34415
1.61569
1.81173
2.58283
3.65242
9.32238
10.577
10.789
12.0215
16.5475
16.5912
16.6656
17.5368
18.6299
23.7947
49.9522
